P34675_58350	2019	10	11	04	00	0.00
P34675_58350	2019	10	11	04	10	0.00
P34675_58350	2019	10	11	04	20	0.00
P34675_58350	2019	10	11	04	30	0.00
P34675_58350	2019	10	11	04	40	0.00
P34675_58350	2019	10	11	04	50	0.00
P34675_58350	2019	10	11	05	00	0.00
P34675_58350	2019	10	11	05	10	0.00
P34675_58350	2019	10	11	05	20	0.00
P34675_58350	2019	10	11	05	30	0.00
P34675_58350	2019	10	11	05	40	0.00
P34675_58350	2019	10	11	05	50	0.00
P34675_58350	2019	10	11	06	00	0.02
P34675_58350	2019	10	11	06	10	0.03
P34675_58350	2019	10	11	06	20	1.32
P34675_58350	2019	10	11	06	30	0.28
P34675_58350	2019	10	11	06	40	2.35
P34675_58350	2019	10	11	06	50	1.40
P34675_58350	2019	10	11	07	00	10.07
P34675_58350	2019	10	11	07	10	0.18
P34675_58350	2019	10	11	07	20	0.43
P34675_58350	2019	10	11	07	30	4.09
P34675_58350	2019	10	11	07	40	0.09
P34675_58350	2019	10	11	07	50	2.82
P34675_58350	2019	10	11	08	00	0.67
P34675_58350	2019	10	11	08	10	1.54
P34675_58350	2019	10	11	08	20	0.34
P34675_58350	2019	10	11	08	30	0.66
P34675_58350	2019	10	11	08	40	3.06
P34675_58350	2019	10	11	08	50	2.19
P34675_58350	2019	10	11	09	00	0.15
P34675_58350	2019	10	11	09	10	0.02
P34675_58350	2019	10	11	09	20	0.09
P34675_58350	2019	10	11	09	30	1.12
P34675_58350	2019	10	11	09	40	0.93
P34675_58350	2019	10	11	09	50	0.45
P34675_58350	2019	10	11	10	00	0.06
P34675_58325	2019	10	11	04	00	0.00
P34675_58325	2019	10	11	04	10	0.00
P34675_58325	2019	10	11	04	20	0.00
P34675_58325	2019	10	11	04	30	0.00
P34675_58325	2019	10	11	04	40	0.00
P34675_58325	2019	10	11	04	50	0.00
P34675_58325	2019	10	11	05	00	0.00
P34675_58325	2019	10	11	05	10	0.00
P34675_58325	2019	10	11	05	20	0.00
P34675_58325	2019	10	11	05	30	0.00
P34675_58325	2019	10	11	05	40	0.00
P34675_58325	2019	10	11	05	50	0.00
P34675_58325	2019	10	11	06	00	0.02
P34675_58325	2019	10	11	06	10	0.02
P34675_58325	2019	10	11	06	20	1.23
P34675_58325	2019	10	11	06	30	0.36
P34675_58325	2019	10	11	06	40	2.40
P34675_58325	2019	10	11	06	50	0.59
P34675_58325	2019	10	11	07	00	11.35
P34675_58325	2019	10	11	07	10	0.73
P34675_58325	2019	10	11	07	20	0.40
P34675_58325	2019	10	11	07	30	4.67
P34675_58325	2019	10	11	07	40	0.33
P34675_58325	2019	10	11	07	50	2.74
P34675_58325	2019	10	11	08	00	1.01
P34675_58325	2019	10	11	08	10	1.80
P34675_58325	2019	10	11	08	20	0.36
P34675_58325	2019	10	11	08	30	0.23
P34675_58325	2019	10	11	08	40	2.82
P34675_58325	2019	10	11	08	50	2.62
P34675_58325	2019	10	11	09	00	0.19
P34675_58325	2019	10	11	09	10	0.03
P34675_58325	2019	10	11	09	20	0.06
P34675_58325	2019	10	11	09	30	1.19
P34675_58325	2019	10	11	09	40	0.87
P34675_58325	2019	10	11	09	50	0.41
P34675_58325	2019	10	11	10	00	0.10
P34675_58300	2019	10	11	04	00	0.00
P34675_58300	2019	10	11	04	10	0.00
P34675_58300	2019	10	11	04	20	0.00
P34675_58300	2019	10	11	04	30	0.00
P34675_58300	2019	10	11	04	40	0.00
P34675_58300	2019	10	11	04	50	0.00
P34675_58300	2019	10	11	05	00	0.00
P34675_58300	2019	10	11	05	10	0.00
P34675_58300	2019	10	11	05	20	0.00
P34675_58300	2019	10	11	05	30	0.00
P34675_58300	2019	10	11	05	40	0.00
P34675_58300	2019	10	11	05	50	0.00
P34675_58300	2019	10	11	06	00	0.01
P34675_58300	2019	10	11	06	10	0.04
P34675_58300	2019	10	11	06	20	0.95
P34675_58300	2019	10	11	06	30	0.70
P34675_58300	2019	10	11	06	40	2.20
P34675_58300	2019	10	11	06	50	0.59
P34675_58300	2019	10	11	07	00	10.10
P34675_58300	2019	10	11	07	10	2.52
P34675_58300	2019	10	11	07	20	0.23
P34675_58300	2019	10	11	07	30	4.83
P34675_58300	2019	10	11	07	40	1.23
P34675_58300	2019	10	11	07	50	2.42
P34675_58300	2019	10	11	08	00	1.69
P34675_58300	2019	10	11	08	10	1.90
P34675_58300	2019	10	11	08	20	0.60
P34675_58300	2019	10	11	08	30	0.33
P34675_58300	2019	10	11	08	40	1.90
P34675_58300	2019	10	11	08	50	2.60
P34675_58300	2019	10	11	09	00	0.44
P34675_58300	2019	10	11	09	10	0.05
P34675_58300	2019	10	11	09	20	0.03
P34675_58300	2019	10	11	09	30	1.19
P34675_58300	2019	10	11	09	40	0.80
P34675_58300	2019	10	11	09	50	0.37
P34675_58300	2019	10	11	10	00	0.17
P34750_58325	2019	10	11	04	00	0.00
P34750_58325	2019	10	11	04	10	0.00
P34750_58325	2019	10	11	04	20	0.00
P34750_58325	2019	10	11	04	30	0.00
P34750_58325	2019	10	11	04	40	0.00
P34750_58325	2019	10	11	04	50	0.00
P34750_58325	2019	10	11	05	00	0.00
P34750_58325	2019	10	11	05	10	0.00
P34750_58325	2019	10	11	05	20	0.00
P34750_58325	2019	10	11	05	30	0.00
P34750_58325	2019	10	11	05	40	0.00
P34750_58325	2019	10	11	05	50	0.00
P34750_58325	2019	10	11	06	00	0.43
P34750_58325	2019	10	11	06	10	0.08
P34750_58325	2019	10	11	06	20	1.88
P34750_58325	2019	10	11	06	30	0.14
P34750_58325	2019	10	11	06	40	0.81
P34750_58325	2019	10	11	06	50	2.28
P34750_58325	2019	10	11	07	00	11.27
P34750_58325	2019	10	11	07	10	1.47
P34750_58325	2019	10	11	07	20	0.69
P34750_58325	2019	10	11	07	30	3.56
P34750_58325	2019	10	11	07	40	0.56
P34750_58325	2019	10	11	07	50	3.17
P34750_58325	2019	10	11	08	00	0.91
P34750_58325	2019	10	11	08	10	0.82
P34750_58325	2019	10	11	08	20	1.72
P34750_58325	2019	10	11	08	30	2.00
P34750_58325	2019	10	11	08	40	1.54
P34750_58325	2019	10	11	08	50	0.47
P34750_58325	2019	10	11	09	00	0.11
P34750_58325	2019	10	11	09	10	0.00
P34750_58325	2019	10	11	09	20	0.58
P34750_58325	2019	10	11	09	30	0.25
P34750_58325	2019	10	11	09	40	0.86
P34750_58325	2019	10	11	09	50	0.76
P34750_58325	2019	10	11	10	00	0.47
P34725_58325	2019	10	11	04	00	0.00
P34725_58325	2019	10	11	04	10	0.00
P34725_58325	2019	10	11	04	20	0.00
P34725_58325	2019	10	11	04	30	0.00
P34725_58325	2019	10	11	04	40	0.00
P34725_58325	2019	10	11	04	50	0.00
P34725_58325	2019	10	11	05	00	0.00
P34725_58325	2019	10	11	05	10	0.00
P34725_58325	2019	10	11	05	20	0.00
P34725_58325	2019	10	11	05	30	0.00
P34725_58325	2019	10	11	05	40	0.00
P34725_58325	2019	10	11	05	50	0.00
P34725_58325	2019	10	11	06	00	0.40
P34725_58325	2019	10	11	06	10	0.06
P34725_58325	2019	10	11	06	20	1.96
P34725_58325	2019	10	11	06	30	0.07
P34725_58325	2019	10	11	06	40	1.22
P34725_58325	2019	10	11	06	50	1.20
P34725_58325	2019	10	11	07	00	12.28
P34725_58325	2019	10	11	07	10	0.86
P34725_58325	2019	10	11	07	20	0.43
P34725_58325	2019	10	11	07	30	4.89
P34725_58325	2019	10	11	07	40	0.47
P34725_58325	2019	10	11	07	50	3.70
P34725_58325	2019	10	11	08	00	0.84
P34725_58325	2019	10	11	08	10	2.07
P34725_58325	2019	10	11	08	20	2.18
P34725_58325	2019	10	11	08	30	1.51
P34725_58325	2019	10	11	08	40	2.06
P34725_58325	2019	10	11	08	50	0.67
P34725_58325	2019	10	11	09	00	0.20
P34725_58325	2019	10	11	09	10	0.00
P34725_58325	2019	10	11	09	20	0.44
P34725_58325	2019	10	11	09	30	0.23
P34725_58325	2019	10	11	09	40	0.97
P34725_58325	2019	10	11	09	50	0.51
P34725_58325	2019	10	11	10	00	0.20
P34775_58325	2019	10	11	04	00	0.00
P34775_58325	2019	10	11	04	10	0.00
P34775_58325	2019	10	11	04	20	0.00
P34775_58325	2019	10	11	04	30	0.00
P34775_58325	2019	10	11	04	40	0.00
P34775_58325	2019	10	11	04	50	0.00
P34775_58325	2019	10	11	05	00	0.00
P34775_58325	2019	10	11	05	10	0.00
P34775_58325	2019	10	11	05	20	0.00
P34775_58325	2019	10	11	05	30	0.00
P34775_58325	2019	10	11	05	40	0.00
P34775_58325	2019	10	11	05	50	0.00
P34775_58325	2019	10	11	06	00	0.37
P34775_58325	2019	10	11	06	10	0.11
P34775_58325	2019	10	11	06	20	1.93
P34775_58325	2019	10	11	06	30	0.13
P34775_58325	2019	10	11	06	40	0.81
P34775_58325	2019	10	11	06	50	3.73
P34775_58325	2019	10	11	07	00	10.40
P34775_58325	2019	10	11	07	10	1.36
P34775_58325	2019	10	11	07	20	1.48
P34775_58325	2019	10	11	07	30	2.17
P34775_58325	2019	10	11	07	40	0.14
P34775_58325	2019	10	11	07	50	4.62
P34775_58325	2019	10	11	08	00	0.53
P34775_58325	2019	10	11	08	10	1.32
P34775_58325	2019	10	11	08	20	1.63
P34775_58325	2019	10	11	08	30	2.14
P34775_58325	2019	10	11	08	40	1.23
P34775_58325	2019	10	11	08	50	0.15
P34775_58325	2019	10	11	09	00	0.01
P34775_58325	2019	10	11	09	10	0.00
P34775_58325	2019	10	11	09	20	0.88
P34775_58325	2019	10	11	09	30	0.14
P34775_58325	2019	10	11	09	40	0.84
P34775_58325	2019	10	11	09	50	1.78
P34775_58325	2019	10	11	10	00	1.09
P34800_58300	2019	10	11	04	00	0.00
P34800_58300	2019	10	11	04	10	0.00
P34800_58300	2019	10	11	04	20	0.00
P34800_58300	2019	10	11	04	30	0.01
P34800_58300	2019	10	11	04	40	0.00
P34800_58300	2019	10	11	04	50	0.00
P34800_58300	2019	10	11	05	00	0.00
P34800_58300	2019	10	11	05	10	0.00
P34800_58300	2019	10	11	05	20	0.00
P34800_58300	2019	10	11	05	30	0.00
P34800_58300	2019	10	11	05	40	0.00
P34800_58300	2019	10	11	05	50	0.01
P34800_58300	2019	10	11	06	00	0.13
P34800_58300	2019	10	11	06	10	0.20
P34800_58300	2019	10	11	06	20	2.17
P34800_58300	2019	10	11	06	30	0.12
P34800_58300	2019	10	11	06	40	0.64
P34800_58300	2019	10	11	06	50	2.79
P34800_58300	2019	10	11	07	00	8.62
P34800_58300	2019	10	11	07	10	0.85
P34800_58300	2019	10	11	07	20	2.17
P34800_58300	2019	10	11	07	30	2.28
P34800_58300	2019	10	11	07	40	0.06
P34800_58300	2019	10	11	07	50	6.21
P34800_58300	2019	10	11	08	00	0.73
P34800_58300	2019	10	11	08	10	1.07
P34800_58300	2019	10	11	08	20	3.05
P34800_58300	2019	10	11	08	30	3.27
P34800_58300	2019	10	11	08	40	1.75
P34800_58300	2019	10	11	08	50	0.15
P34800_58300	2019	10	11	09	00	0.00
P34800_58300	2019	10	11	09	10	0.00
P34800_58300	2019	10	11	09	20	0.82
P34800_58300	2019	10	11	09	30	0.31
P34800_58300	2019	10	11	09	40	0.75
P34800_58300	2019	10	11	09	50	2.37
P34800_58300	2019	10	11	10	00	2.28
P34800_58350	2019	10	11	04	00	0.00
P34800_58350	2019	10	11	04	10	0.00
P34800_58350	2019	10	11	04	20	0.00
P34800_58350	2019	10	11	04	30	0.00
P34800_58350	2019	10	11	04	40	0.00
P34800_58350	2019	10	11	04	50	0.00
P34800_58350	2019	10	11	05	00	0.00
P34800_58350	2019	10	11	05	10	0.00
P34800_58350	2019	10	11	05	20	0.00
P34800_58350	2019	10	11	05	30	0.00
P34800_58350	2019	10	11	05	40	0.00
P34800_58350	2019	10	11	05	50	0.02
P34800_58350	2019	10	11	06	00	0.20
P34800_58350	2019	10	11	06	10	0.52
P34800_58350	2019	10	11	06	20	1.66
P34800_58350	2019	10	11	06	30	0.06
P34800_58350	2019	10	11	06	40	0.63
P34800_58350	2019	10	11	06	50	8.89
P34800_58350	2019	10	11	07	00	4.27
P34800_58350	2019	10	11	07	10	0.64
P34800_58350	2019	10	11	07	20	3.70
P34800_58350	2019	10	11	07	30	0.69
P34800_58350	2019	10	11	07	40	1.62
P34800_58350	2019	10	11	07	50	4.75
P34800_58350	2019	10	11	08	00	0.60
P34800_58350	2019	10	11	08	10	2.95
P34800_58350	2019	10	11	08	20	1.77
P34800_58350	2019	10	11	08	30	3.81
P34800_58350	2019	10	11	08	40	1.69
P34800_58350	2019	10	11	08	50	0.05
P34800_58350	2019	10	11	09	00	0.00
P34800_58350	2019	10	11	09	10	0.00
P34800_58350	2019	10	11	09	20	1.28
P34800_58350	2019	10	11	09	30	0.19
P34800_58350	2019	10	11	09	40	1.07
P34800_58350	2019	10	11	09	50	3.08
P34800_58350	2019	10	11	10	00	1.70
P34850_58325	2019	10	11	04	00	0.00
P34850_58325	2019	10	11	04	10	0.00
P34850_58325	2019	10	11	04	20	0.00
P34850_58325	2019	10	11	04	30	0.00
P34850_58325	2019	10	11	04	40	0.01
P34850_58325	2019	10	11	04	50	0.00
P34850_58325	2019	10	11	05	00	0.00
P34850_58325	2019	10	11	05	10	0.00
P34850_58325	2019	10	11	05	20	0.00
P34850_58325	2019	10	11	05	30	0.00
P34850_58325	2019	10	11	05	40	0.05
P34850_58325	2019	10	11	05	50	0.29
P34850_58325	2019	10	11	06	00	0.01
P34850_58325	2019	10	11	06	10	0.57
P34850_58325	2019	10	11	06	20	0.50
P34850_58325	2019	10	11	06	30	0.04
P34850_58325	2019	10	11	06	40	0.82
P34850_58325	2019	10	11	06	50	7.32
P34850_58325	2019	10	11	07	00	2.69
P34850_58325	2019	10	11	07	10	0.12
P34850_58325	2019	10	11	07	20	2.90
P34850_58325	2019	10	11	07	30	1.03
P34850_58325	2019	10	11	07	40	4.30
P34850_58325	2019	10	11	07	50	2.58
P34850_58325	2019	10	11	08	00	0.91
P34850_58325	2019	10	11	08	10	2.40
P34850_58325	2019	10	11	08	20	2.73
P34850_58325	2019	10	11	08	30	1.48
P34850_58325	2019	10	11	08	40	1.79
P34850_58325	2019	10	11	08	50	0.16
P34850_58325	2019	10	11	09	00	0.01
P34850_58325	2019	10	11	09	10	0.04
P34850_58325	2019	10	11	09	20	0.92
P34850_58325	2019	10	11	09	30	0.42
P34850_58325	2019	10	11	09	40	1.86
P34850_58325	2019	10	11	09	50	1.94
P34850_58325	2019	10	11	10	00	2.05
P34825_58325	2019	10	11	04	00	0.00
P34825_58325	2019	10	11	04	10	0.00
P34825_58325	2019	10	11	04	20	0.00
P34825_58325	2019	10	11	04	30	0.00
P34825_58325	2019	10	11	04	40	0.00
P34825_58325	2019	10	11	04	50	0.00
P34825_58325	2019	10	11	05	00	0.00
P34825_58325	2019	10	11	05	10	0.00
P34825_58325	2019	10	11	05	20	0.00
P34825_58325	2019	10	11	05	30	0.00
P34825_58325	2019	10	11	05	40	0.00
P34825_58325	2019	10	11	05	50	0.02
P34825_58325	2019	10	11	06	00	0.04
P34825_58325	2019	10	11	06	10	0.55
P34825_58325	2019	10	11	06	20	1.43
P34825_58325	2019	10	11	06	30	0.04
P34825_58325	2019	10	11	06	40	0.38
P34825_58325	2019	10	11	06	50	5.36
P34825_58325	2019	10	11	07	00	5.04
P34825_58325	2019	10	11	07	10	0.09
P34825_58325	2019	10	11	07	20	3.77
P34825_58325	2019	10	11	07	30	1.14
P34825_58325	2019	10	11	07	40	2.16
P34825_58325	2019	10	11	07	50	5.03
P34825_58325	2019	10	11	08	00	0.91
P34825_58325	2019	10	11	08	10	2.47
P34825_58325	2019	10	11	08	20	2.51
P34825_58325	2019	10	11	08	30	3.61
P34825_58325	2019	10	11	08	40	2.38
P34825_58325	2019	10	11	08	50	0.15
P34825_58325	2019	10	11	09	00	0.00
P34825_58325	2019	10	11	09	10	0.00
P34825_58325	2019	10	11	09	20	0.94
P34825_58325	2019	10	11	09	30	0.30
P34825_58325	2019	10	11	09	40	1.11
P34825_58325	2019	10	11	09	50	2.43
P34825_58325	2019	10	11	10	00	2.36
P34825_58300	2019	10	11	04	00	0.00
P34825_58300	2019	10	11	04	10	0.00
P34825_58300	2019	10	11	04	20	0.00
P34825_58300	2019	10	11	04	30	0.02
P34825_58300	2019	10	11	04	40	0.00
P34825_58300	2019	10	11	04	50	0.00
P34825_58300	2019	10	11	05	00	0.00
P34825_58300	2019	10	11	05	10	0.00
P34825_58300	2019	10	11	05	20	0.00
P34825_58300	2019	10	11	05	30	0.00
P34825_58300	2019	10	11	05	40	0.00
P34825_58300	2019	10	11	05	50	0.02
P34825_58300	2019	10	11	06	00	0.03
P34825_58300	2019	10	11	06	10	0.46
P34825_58300	2019	10	11	06	20	1.87
P34825_58300	2019	10	11	06	30	0.11
P34825_58300	2019	10	11	06	40	0.30
P34825_58300	2019	10	11	06	50	3.52
P34825_58300	2019	10	11	07	00	4.62
P34825_58300	2019	10	11	07	10	0.23
P34825_58300	2019	10	11	07	20	2.77
P34825_58300	2019	10	11	07	30	1.84
P34825_58300	2019	10	11	07	40	0.74
P34825_58300	2019	10	11	07	50	6.65
P34825_58300	2019	10	11	08	00	1.19
P34825_58300	2019	10	11	08	10	1.51
P34825_58300	2019	10	11	08	20	2.95
P34825_58300	2019	10	11	08	30	4.37
P34825_58300	2019	10	11	08	40	2.35
P34825_58300	2019	10	11	08	50	0.27
P34825_58300	2019	10	11	09	00	0.00
P34825_58300	2019	10	11	09	10	0.00
P34825_58300	2019	10	11	09	20	0.73
P34825_58300	2019	10	11	09	30	0.38
P34825_58300	2019	10	11	09	40	0.81
P34825_58300	2019	10	11	09	50	2.46
P34825_58300	2019	10	11	10	00	2.73
P34850_58350	2019	10	11	04	00	0.00
P34850_58350	2019	10	11	04	10	0.01
P34850_58350	2019	10	11	04	20	0.00
P34850_58350	2019	10	11	04	30	0.00
P34850_58350	2019	10	11	04	40	0.00
P34850_58350	2019	10	11	04	50	0.00
P34850_58350	2019	10	11	05	00	0.00
P34850_58350	2019	10	11	05	10	0.00
P34850_58350	2019	10	11	05	20	0.00
P34850_58350	2019	10	11	05	30	0.00
P34850_58350	2019	10	11	05	40	0.14
P34850_58350	2019	10	11	05	50	0.22
P34850_58350	2019	10	11	06	00	0.03
P34850_58350	2019	10	11	06	10	0.62
P34850_58350	2019	10	11	06	20	0.28
P34850_58350	2019	10	11	06	30	0.02
P34850_58350	2019	10	11	06	40	1.56
P34850_58350	2019	10	11	06	50	9.91
P34850_58350	2019	10	11	07	00	1.40
P34850_58350	2019	10	11	07	10	0.16
P34850_58350	2019	10	11	07	20	3.28
P34850_58350	2019	10	11	07	30	0.46
P34850_58350	2019	10	11	07	40	5.21
P34850_58350	2019	10	11	07	50	1.31
P34850_58350	2019	10	11	08	00	0.84
P34850_58350	2019	10	11	08	10	2.29
P34850_58350	2019	10	11	08	20	2.84
P34850_58350	2019	10	11	08	30	0.92
P34850_58350	2019	10	11	08	40	1.47
P34850_58350	2019	10	11	08	50	0.08
P34850_58350	2019	10	11	09	00	0.01
P34850_58350	2019	10	11	09	10	0.05
P34850_58350	2019	10	11	09	20	1.12
P34850_58350	2019	10	11	09	30	0.52
P34850_58350	2019	10	11	09	40	2.34
P34850_58350	2019	10	11	09	50	1.83
P34850_58350	2019	10	11	10	00	1.72
P34775_58300	2019	10	11	04	00	0.00
P34775_58300	2019	10	11	04	10	0.00
P34775_58300	2019	10	11	04	20	0.00
P34775_58300	2019	10	11	04	30	0.00
P34775_58300	2019	10	11	04	40	0.00
P34775_58300	2019	10	11	04	50	0.00
P34775_58300	2019	10	11	05	00	0.00
P34775_58300	2019	10	11	05	10	0.00
P34775_58300	2019	10	11	05	20	0.00
P34775_58300	2019	10	11	05	30	0.00
P34775_58300	2019	10	11	05	40	0.00
P34775_58300	2019	10	11	05	50	0.00
P34775_58300	2019	10	11	06	00	0.29
P34775_58300	2019	10	11	06	10	0.17
P34775_58300	2019	10	11	06	20	2.08
P34775_58300	2019	10	11	06	30	0.17
P34775_58300	2019	10	11	06	40	0.69
P34775_58300	2019	10	11	06	50	1.98
P34775_58300	2019	10	11	07	00	11.66
P34775_58300	2019	10	11	07	10	1.79
P34775_58300	2019	10	11	07	20	1.33
P34775_58300	2019	10	11	07	30	2.70
P34775_58300	2019	10	11	07	40	0.24
P34775_58300	2019	10	11	07	50	4.56
P34775_58300	2019	10	11	08	00	0.32
P34775_58300	2019	10	11	08	10	0.95
P34775_58300	2019	10	11	08	20	2.27
P34775_58300	2019	10	11	08	30	1.62
P34775_58300	2019	10	11	08	40	1.57
P34775_58300	2019	10	11	08	50	0.19
P34775_58300	2019	10	11	09	00	0.04
P34775_58300	2019	10	11	09	10	0.00
P34775_58300	2019	10	11	09	20	0.61
P34775_58300	2019	10	11	09	30	0.26
P34775_58300	2019	10	11	09	40	0.72
P34775_58300	2019	10	11	09	50	1.39
P34775_58300	2019	10	11	10	00	1.48
P34875_58350	2019	10	11	04	00	0.00
P34875_58350	2019	10	11	04	10	0.01
P34875_58350	2019	10	11	04	20	0.00
P34875_58350	2019	10	11	04	30	0.00
P34875_58350	2019	10	11	04	40	0.00
P34875_58350	2019	10	11	04	50	0.00
P34875_58350	2019	10	11	05	00	0.00
P34875_58350	2019	10	11	05	10	0.00
P34875_58350	2019	10	11	05	20	0.00
P34875_58350	2019	10	11	05	30	0.01
P34875_58350	2019	10	11	05	40	0.99
P34875_58350	2019	10	11	05	50	0.46
P34875_58350	2019	10	11	06	00	0.03
P34875_58350	2019	10	11	06	10	0.49
P34875_58350	2019	10	11	06	20	0.04
P34875_58350	2019	10	11	06	30	0.02
P34875_58350	2019	10	11	06	40	3.85
P34875_58350	2019	10	11	06	50	9.36
P34875_58350	2019	10	11	07	00	1.32
P34875_58350	2019	10	11	07	10	0.88
P34875_58350	2019	10	11	07	20	2.18
P34875_58350	2019	10	11	07	30	0.30
P34875_58350	2019	10	11	07	40	5.77
P34875_58350	2019	10	11	07	50	1.13
P34875_58350	2019	10	11	08	00	2.50
P34875_58350	2019	10	11	08	10	2.79
P34875_58350	2019	10	11	08	20	2.56
P34875_58350	2019	10	11	08	30	0.56
P34875_58350	2019	10	11	08	40	0.59
P34875_58350	2019	10	11	08	50	0.10
P34875_58350	2019	10	11	09	00	0.06
P34875_58350	2019	10	11	09	10	0.17
P34875_58350	2019	10	11	09	20	1.18
P34875_58350	2019	10	11	09	30	0.57
P34875_58350	2019	10	11	09	40	3.41
P34875_58350	2019	10	11	09	50	1.12
P34875_58350	2019	10	11	10	00	1.50
P34750_58300	2019	10	11	04	00	0.00
P34750_58300	2019	10	11	04	10	0.00
P34750_58300	2019	10	11	04	20	0.00
P34750_58300	2019	10	11	04	30	0.00
P34750_58300	2019	10	11	04	40	0.00
P34750_58300	2019	10	11	04	50	0.00
P34750_58300	2019	10	11	05	00	0.00
P34750_58300	2019	10	11	05	10	0.00
P34750_58300	2019	10	11	05	20	0.00
P34750_58300	2019	10	11	05	30	0.00
P34750_58300	2019	10	11	05	40	0.00
P34750_58300	2019	10	11	05	50	0.00
P34750_58300	2019	10	11	06	00	0.37
P34750_58300	2019	10	11	06	10	0.19
P34750_58300	2019	10	11	06	20	2.33
P34750_58300	2019	10	11	06	30	0.13
P34750_58300	2019	10	11	06	40	0.57
P34750_58300	2019	10	11	06	50	1.23
P34750_58300	2019	10	11	07	00	12.05
P34750_58300	2019	10	11	07	10	2.14
P34750_58300	2019	10	11	07	20	0.98
P34750_58300	2019	10	11	07	30	3.39
P34750_58300	2019	10	11	07	40	0.90
P34750_58300	2019	10	11	07	50	3.45
P34750_58300	2019	10	11	08	00	0.85
P34750_58300	2019	10	11	08	10	1.04
P34750_58300	2019	10	11	08	20	1.99
P34750_58300	2019	10	11	08	30	1.09
P34750_58300	2019	10	11	08	40	2.30
P34750_58300	2019	10	11	08	50	0.42
P34750_58300	2019	10	11	09	00	0.25
P34750_58300	2019	10	11	09	10	0.00
P34750_58300	2019	10	11	09	20	0.42
P34750_58300	2019	10	11	09	30	0.33
P34750_58300	2019	10	11	09	40	0.81
P34750_58300	2019	10	11	09	50	0.63
P34750_58300	2019	10	11	10	00	0.66
P34825_58375	2019	10	11	04	00	0.00
P34825_58375	2019	10	11	04	10	0.03
P34825_58375	2019	10	11	04	20	0.00
P34825_58375	2019	10	11	04	30	0.00
P34825_58375	2019	10	11	04	40	0.00
P34825_58375	2019	10	11	04	50	0.00
P34825_58375	2019	10	11	05	00	0.00
P34825_58375	2019	10	11	05	10	0.00
P34825_58375	2019	10	11	05	20	0.00
P34825_58375	2019	10	11	05	30	0.00
P34825_58375	2019	10	11	05	40	0.00
P34825_58375	2019	10	11	05	50	0.01
P34825_58375	2019	10	11	06	00	0.17
P34825_58375	2019	10	11	06	10	0.59
P34825_58375	2019	10	11	06	20	0.49
P34825_58375	2019	10	11	06	30	0.05
P34825_58375	2019	10	11	06	40	1.32
P34825_58375	2019	10	11	06	50	10.13
P34825_58375	2019	10	11	07	00	0.74
P34825_58375	2019	10	11	07	10	0.09
P34825_58375	2019	10	11	07	20	3.99
P34825_58375	2019	10	11	07	30	0.26
P34825_58375	2019	10	11	07	40	4.16
P34825_58375	2019	10	11	07	50	1.78
P34825_58375	2019	10	11	08	00	0.43
P34825_58375	2019	10	11	08	10	2.55
P34825_58375	2019	10	11	08	20	3.02
P34825_58375	2019	10	11	08	30	2.46
P34825_58375	2019	10	11	08	40	1.77
P34825_58375	2019	10	11	08	50	0.03
P34825_58375	2019	10	11	09	00	0.00
P34825_58375	2019	10	11	09	10	0.02
P34825_58375	2019	10	11	09	20	1.16
P34825_58375	2019	10	11	09	30	0.57
P34825_58375	2019	10	11	09	40	1.70
P34825_58375	2019	10	11	09	50	2.78
P34825_58375	2019	10	11	10	00	1.72
P34825_58350	2019	10	11	04	00	0.00
P34825_58350	2019	10	11	04	10	0.01
P34825_58350	2019	10	11	04	20	0.00
P34825_58350	2019	10	11	04	30	0.00
P34825_58350	2019	10	11	04	40	0.00
P34825_58350	2019	10	11	04	50	0.00
P34825_58350	2019	10	11	05	00	0.00
P34825_58350	2019	10	11	05	10	0.00
P34825_58350	2019	10	11	05	20	0.00
P34825_58350	2019	10	11	05	30	0.00
P34825_58350	2019	10	11	05	40	0.00
P34825_58350	2019	10	11	05	50	0.02
P34825_58350	2019	10	11	06	00	0.07
P34825_58350	2019	10	11	06	10	0.63
P34825_58350	2019	10	11	06	20	0.92
P34825_58350	2019	10	11	06	30	0.03
P34825_58350	2019	10	11	06	40	0.56
P34825_58350	2019	10	11	06	50	9.16
P34825_58350	2019	10	11	07	00	2.46
P34825_58350	2019	10	11	07	10	0.09
P34825_58350	2019	10	11	07	20	4.13
P34825_58350	2019	10	11	07	30	0.58
P34825_58350	2019	10	11	07	40	3.49
P34825_58350	2019	10	11	07	50	3.04
P34825_58350	2019	10	11	08	00	0.65
P34825_58350	2019	10	11	08	10	2.70
P34825_58350	2019	10	11	08	20	2.75
P34825_58350	2019	10	11	08	30	2.80
P34825_58350	2019	10	11	08	40	2.22
P34825_58350	2019	10	11	08	50	0.07
P34825_58350	2019	10	11	09	00	0.00
P34825_58350	2019	10	11	09	10	0.01
P34825_58350	2019	10	11	09	20	1.08
P34825_58350	2019	10	11	09	30	0.38
P34825_58350	2019	10	11	09	40	1.44
P34825_58350	2019	10	11	09	50	2.48
P34825_58350	2019	10	11	10	00	2.07
P34775_58350	2019	10	11	04	00	0.00
P34775_58350	2019	10	11	04	10	0.00
P34775_58350	2019	10	11	04	20	0.00
P34775_58350	2019	10	11	04	30	0.00
P34775_58350	2019	10	11	04	40	0.00
P34775_58350	2019	10	11	04	50	0.00
P34775_58350	2019	10	11	05	00	0.00
P34775_58350	2019	10	11	05	10	0.00
P34775_58350	2019	10	11	05	20	0.00
P34775_58350	2019	10	11	05	30	0.00
P34775_58350	2019	10	11	05	40	0.00
P34775_58350	2019	10	11	05	50	0.02
P34775_58350	2019	10	11	06	00	0.40
P34775_58350	2019	10	11	06	10	0.66
P34775_58350	2019	10	11	06	20	1.69
P34775_58350	2019	10	11	06	30	0.11
P34775_58350	2019	10	11	06	40	0.83
P34775_58350	2019	10	11	06	50	8.27
P34775_58350	2019	10	11	07	00	5.55
P34775_58350	2019	10	11	07	10	1.29
P34775_58350	2019	10	11	07	20	2.28
P34775_58350	2019	10	11	07	30	1.13
P34775_58350	2019	10	11	07	40	0.31
P34775_58350	2019	10	11	07	50	4.43
P34775_58350	2019	10	11	08	00	0.62
P34775_58350	2019	10	11	08	10	2.09
P34775_58350	2019	10	11	08	20	0.89
P34775_58350	2019	10	11	08	30	2.50
P34775_58350	2019	10	11	08	40	1.06
P34775_58350	2019	10	11	08	50	0.09
P34775_58350	2019	10	11	09	00	0.00
P34775_58350	2019	10	11	09	10	0.00
P34775_58350	2019	10	11	09	20	1.15
P34775_58350	2019	10	11	09	30	0.10
P34775_58350	2019	10	11	09	40	0.93
P34775_58350	2019	10	11	09	50	2.00
P34775_58350	2019	10	11	10	00	0.93
P34700_58350	2019	10	11	04	00	0.00
P34700_58350	2019	10	11	04	10	0.00
P34700_58350	2019	10	11	04	20	0.00
P34700_58350	2019	10	11	04	30	0.00
P34700_58350	2019	10	11	04	40	0.00
P34700_58350	2019	10	11	04	50	0.00
P34700_58350	2019	10	11	05	00	0.00
P34700_58350	2019	10	11	05	10	0.00
P34700_58350	2019	10	11	05	20	0.00
P34700_58350	2019	10	11	05	30	0.00
P34700_58350	2019	10	11	05	40	0.00
P34700_58350	2019	10	11	05	50	0.00
P34700_58350	2019	10	11	06	00	0.19
P34700_58350	2019	10	11	06	10	0.13
P34700_58350	2019	10	11	06	20	1.78
P34700_58350	2019	10	11	06	30	0.10
P34700_58350	2019	10	11	06	40	2.06
P34700_58350	2019	10	11	06	50	2.54
P34700_58350	2019	10	11	07	00	10.34
P34700_58350	2019	10	11	07	10	0.28
P34700_58350	2019	10	11	07	20	0.29
P34700_58350	2019	10	11	07	30	5.24
P34700_58350	2019	10	11	07	40	0.10
P34700_58350	2019	10	11	07	50	3.13
P34700_58350	2019	10	11	08	00	0.46
P34700_58350	2019	10	11	08	10	2.45
P34700_58350	2019	10	11	08	20	1.37
P34700_58350	2019	10	11	08	30	1.57
P34700_58350	2019	10	11	08	40	2.34
P34700_58350	2019	10	11	08	50	1.03
P34700_58350	2019	10	11	09	00	0.12
P34700_58350	2019	10	11	09	10	0.00
P34700_58350	2019	10	11	09	20	0.26
P34700_58350	2019	10	11	09	30	0.36
P34700_58350	2019	10	11	09	40	0.94
P34700_58350	2019	10	11	09	50	0.51
P34700_58350	2019	10	11	10	00	0.13
P34900_58350	2019	10	11	04	00	0.00
P34900_58350	2019	10	11	04	10	0.01
P34900_58350	2019	10	11	04	20	0.00
P34900_58350	2019	10	11	04	30	0.00
P34900_58350	2019	10	11	04	40	0.00
P34900_58350	2019	10	11	04	50	0.00
P34900_58350	2019	10	11	05	00	0.00
P34900_58350	2019	10	11	05	10	0.00
P34900_58350	2019	10	11	05	20	0.01
P34900_58350	2019	10	11	05	30	0.03
P34900_58350	2019	10	11	05	40	1.14
P34900_58350	2019	10	11	05	50	0.42
P34900_58350	2019	10	11	06	00	0.10
P34900_58350	2019	10	11	06	10	1.00
P34900_58350	2019	10	11	06	20	0.02
P34900_58350	2019	10	11	06	30	0.11
P34900_58350	2019	10	11	06	40	6.09
P34900_58350	2019	10	11	06	50	6.49
P34900_58350	2019	10	11	07	00	1.26
P34900_58350	2019	10	11	07	10	1.56
P34900_58350	2019	10	11	07	20	0.60
P34900_58350	2019	10	11	07	30	0.11
P34900_58350	2019	10	11	07	40	5.09
P34900_58350	2019	10	11	07	50	1.02
P34900_58350	2019	10	11	08	00	5.17
P34900_58350	2019	10	11	08	10	4.66
P34900_58350	2019	10	11	08	20	2.71
P34900_58350	2019	10	11	08	30	0.76
P34900_58350	2019	10	11	08	40	0.11
P34900_58350	2019	10	11	08	50	0.10
P34900_58350	2019	10	11	09	00	0.12
P34900_58350	2019	10	11	09	10	0.39
P34900_58350	2019	10	11	09	20	1.20
P34900_58350	2019	10	11	09	30	0.96
P34900_58350	2019	10	11	09	40	3.36
P34900_58350	2019	10	11	09	50	0.73
P34900_58350	2019	10	11	10	00	2.07
P34900_58325	2019	10	11	04	00	0.00
P34900_58325	2019	10	11	04	10	0.01
P34900_58325	2019	10	11	04	20	0.00
P34900_58325	2019	10	11	04	30	0.00
P34900_58325	2019	10	11	04	40	0.00
P34900_58325	2019	10	11	04	50	0.00
P34900_58325	2019	10	11	05	00	0.00
P34900_58325	2019	10	11	05	10	0.00
P34900_58325	2019	10	11	05	20	0.01
P34900_58325	2019	10	11	05	30	0.00
P34900_58325	2019	10	11	05	40	0.77
P34900_58325	2019	10	11	05	50	0.54
P34900_58325	2019	10	11	06	00	0.11
P34900_58325	2019	10	11	06	10	0.67
P34900_58325	2019	10	11	06	20	0.03
P34900_58325	2019	10	11	06	30	0.02
P34900_58325	2019	10	11	06	40	4.88
P34900_58325	2019	10	11	06	50	6.74
P34900_58325	2019	10	11	07	00	1.18
P34900_58325	2019	10	11	07	10	1.43
P34900_58325	2019	10	11	07	20	0.75
P34900_58325	2019	10	11	07	30	0.32
P34900_58325	2019	10	11	07	40	5.20
P34900_58325	2019	10	11	07	50	1.49
P34900_58325	2019	10	11	08	00	4.19
P34900_58325	2019	10	11	08	10	4.47
P34900_58325	2019	10	11	08	20	2.59
P34900_58325	2019	10	11	08	30	0.78
P34900_58325	2019	10	11	08	40	0.17
P34900_58325	2019	10	11	08	50	0.12
P34900_58325	2019	10	11	09	00	0.05
P34900_58325	2019	10	11	09	10	0.33
P34900_58325	2019	10	11	09	20	1.05
P34900_58325	2019	10	11	09	30	0.67
P34900_58325	2019	10	11	09	40	3.17
P34900_58325	2019	10	11	09	50	1.25
P34900_58325	2019	10	11	10	00	2.10
P34875_58325	2019	10	11	04	00	0.00
P34875_58325	2019	10	11	04	10	0.01
P34875_58325	2019	10	11	04	20	0.00
P34875_58325	2019	10	11	04	30	0.00
P34875_58325	2019	10	11	04	40	0.01
P34875_58325	2019	10	11	04	50	0.00
P34875_58325	2019	10	11	05	00	0.00
P34875_58325	2019	10	11	05	10	0.00
P34875_58325	2019	10	11	05	20	0.01
P34875_58325	2019	10	11	05	30	0.00
P34875_58325	2019	10	11	05	40	0.55
P34875_58325	2019	10	11	05	50	0.70
P34875_58325	2019	10	11	06	00	0.03
P34875_58325	2019	10	11	06	10	0.40
P34875_58325	2019	10	11	06	20	0.09
P34875_58325	2019	10	11	06	30	0.04
P34875_58325	2019	10	11	06	40	2.70
P34875_58325	2019	10	11	06	50	8.40
P34875_58325	2019	10	11	07	00	1.65
P34875_58325	2019	10	11	07	10	0.73
P34875_58325	2019	10	11	07	20	2.16
P34875_58325	2019	10	11	07	30	0.81
P34875_58325	2019	10	11	07	40	5.37
P34875_58325	2019	10	11	07	50	1.87
P34875_58325	2019	10	11	08	00	2.00
P34875_58325	2019	10	11	08	10	2.84
P34875_58325	2019	10	11	08	20	2.40
P34875_58325	2019	10	11	08	30	0.77
P34875_58325	2019	10	11	08	40	0.73
P34875_58325	2019	10	11	08	50	0.15
P34875_58325	2019	10	11	09	00	0.01
P34875_58325	2019	10	11	09	10	0.15
P34875_58325	2019	10	11	09	20	0.99
P34875_58325	2019	10	11	09	30	0.46
P34875_58325	2019	10	11	09	40	2.90
P34875_58325	2019	10	11	09	50	1.51
P34875_58325	2019	10	11	10	00	1.81
P34900_58300	2019	10	11	04	00	0.00
P34900_58300	2019	10	11	04	10	0.01
P34900_58300	2019	10	11	04	20	0.00
P34900_58300	2019	10	11	04	30	0.00
P34900_58300	2019	10	11	04	40	0.02
P34900_58300	2019	10	11	04	50	0.00
P34900_58300	2019	10	11	05	00	0.00
P34900_58300	2019	10	11	05	10	0.00
P34900_58300	2019	10	11	05	20	0.01
P34900_58300	2019	10	11	05	30	0.00
P34900_58300	2019	10	11	05	40	0.32
P34900_58300	2019	10	11	05	50	0.77
P34900_58300	2019	10	11	06	00	0.13
P34900_58300	2019	10	11	06	10	0.43
P34900_58300	2019	10	11	06	20	0.04
P34900_58300	2019	10	11	06	30	0.01
P34900_58300	2019	10	11	06	40	3.13
P34900_58300	2019	10	11	06	50	8.08
P34900_58300	2019	10	11	07	00	1.21
P34900_58300	2019	10	11	07	10	1.21
P34900_58300	2019	10	11	07	20	0.90
P34900_58300	2019	10	11	07	30	0.83
P34900_58300	2019	10	11	07	40	4.96
P34900_58300	2019	10	11	07	50	2.20
P34900_58300	2019	10	11	08	00	3.32
P34900_58300	2019	10	11	08	10	4.53
P34900_58300	2019	10	11	08	20	2.32
P34900_58300	2019	10	11	08	30	0.98
P34900_58300	2019	10	11	08	40	0.23
P34900_58300	2019	10	11	08	50	0.17
P34900_58300	2019	10	11	09	00	0.02
P34900_58300	2019	10	11	09	10	0.27
P34900_58300	2019	10	11	09	20	0.85
P34900_58300	2019	10	11	09	30	0.47
P34900_58300	2019	10	11	09	40	2.84
P34900_58300	2019	10	11	09	50	1.85
P34900_58300	2019	10	11	10	00	1.76
P34875_58300	2019	10	11	04	00	0.00
P34875_58300	2019	10	11	04	10	0.00
P34875_58300	2019	10	11	04	20	0.00
P34875_58300	2019	10	11	04	30	0.00
P34875_58300	2019	10	11	04	40	0.02
P34875_58300	2019	10	11	04	50	0.00
P34875_58300	2019	10	11	05	00	0.00
P34875_58300	2019	10	11	05	10	0.00
P34875_58300	2019	10	11	05	20	0.01
P34875_58300	2019	10	11	05	30	0.00
P34875_58300	2019	10	11	05	40	0.19
P34875_58300	2019	10	11	05	50	0.91
P34875_58300	2019	10	11	06	00	0.05
P34875_58300	2019	10	11	06	10	0.35
P34875_58300	2019	10	11	06	20	0.17
P34875_58300	2019	10	11	06	30	0.08
P34875_58300	2019	10	11	06	40	1.44
P34875_58300	2019	10	11	06	50	7.97
P34875_58300	2019	10	11	07	00	1.68
P34875_58300	2019	10	11	07	10	0.54
P34875_58300	2019	10	11	07	20	1.71
P34875_58300	2019	10	11	07	30	1.75
P34875_58300	2019	10	11	07	40	4.45
P34875_58300	2019	10	11	07	50	3.03
P34875_58300	2019	10	11	08	00	1.54
P34875_58300	2019	10	11	08	10	2.89
P34875_58300	2019	10	11	08	20	2.16
P34875_58300	2019	10	11	08	30	1.44
P34875_58300	2019	10	11	08	40	0.84
P34875_58300	2019	10	11	08	50	0.25
P34875_58300	2019	10	11	09	00	0.00
P34875_58300	2019	10	11	09	10	0.10
P34875_58300	2019	10	11	09	20	0.78
P34875_58300	2019	10	11	09	30	0.41
P34875_58300	2019	10	11	09	40	2.31
P34875_58300	2019	10	11	09	50	2.02
P34875_58300	2019	10	11	10	00	1.92
P34850_58375	2019	10	11	04	00	0.00
P34850_58375	2019	10	11	04	10	0.04
P34850_58375	2019	10	11	04	20	0.00
P34850_58375	2019	10	11	04	30	0.00
P34850_58375	2019	10	11	04	40	0.00
P34850_58375	2019	10	11	04	50	0.00
P34850_58375	2019	10	11	05	00	0.00
P34850_58375	2019	10	11	05	10	0.00
P34850_58375	2019	10	11	05	20	0.00
P34850_58375	2019	10	11	05	30	0.01
P34850_58375	2019	10	11	05	40	0.27
P34850_58375	2019	10	11	05	50	0.14
P34850_58375	2019	10	11	06	00	0.17
P34850_58375	2019	10	11	06	10	0.54
P34850_58375	2019	10	11	06	20	0.14
P34850_58375	2019	10	11	06	30	0.02
P34850_58375	2019	10	11	06	40	2.80
P34850_58375	2019	10	11	06	50	10.87
P34850_58375	2019	10	11	07	00	0.47
P34850_58375	2019	10	11	07	10	0.19
P34850_58375	2019	10	11	07	20	3.20
P34850_58375	2019	10	11	07	30	0.17
P34850_58375	2019	10	11	07	40	5.57
P34850_58375	2019	10	11	07	50	0.72
P34850_58375	2019	10	11	08	00	0.88
P34850_58375	2019	10	11	08	10	2.18
P34850_58375	2019	10	11	08	20	2.76
P34850_58375	2019	10	11	08	30	0.80
P34850_58375	2019	10	11	08	40	1.11
P34850_58375	2019	10	11	08	50	0.05
P34850_58375	2019	10	11	09	00	0.03
P34850_58375	2019	10	11	09	10	0.08
P34850_58375	2019	10	11	09	20	1.28
P34850_58375	2019	10	11	09	30	0.67
P34850_58375	2019	10	11	09	40	2.76
P34850_58375	2019	10	11	09	50	1.85
P34850_58375	2019	10	11	10	00	1.37
P34850_58300	2019	10	11	04	00	0.00
P34850_58300	2019	10	11	04	10	0.00
P34850_58300	2019	10	11	04	20	0.00
P34850_58300	2019	10	11	04	30	0.01
P34850_58300	2019	10	11	04	40	0.01
P34850_58300	2019	10	11	04	50	0.00
P34850_58300	2019	10	11	05	00	0.00
P34850_58300	2019	10	11	05	10	0.00
P34850_58300	2019	10	11	05	20	0.00
P34850_58300	2019	10	11	05	30	0.00
P34850_58300	2019	10	11	05	40	0.01
P34850_58300	2019	10	11	05	50	0.32
P34850_58300	2019	10	11	06	00	0.02
P34850_58300	2019	10	11	06	10	0.52
P34850_58300	2019	10	11	06	20	0.82
P34850_58300	2019	10	11	06	30	0.11
P34850_58300	2019	10	11	06	40	0.38
P34850_58300	2019	10	11	06	50	5.54
P34850_58300	2019	10	11	07	00	2.45
P34850_58300	2019	10	11	07	10	0.11
P34850_58300	2019	10	11	07	20	2.04
P34850_58300	2019	10	11	07	30	1.82
P34850_58300	2019	10	11	07	40	2.73
P34850_58300	2019	10	11	07	50	4.34
P34850_58300	2019	10	11	08	00	1.06
P34850_58300	2019	10	11	08	10	2.14
P34850_58300	2019	10	11	08	20	2.70
P34850_58300	2019	10	11	08	30	2.63
P34850_58300	2019	10	11	08	40	1.97
P34850_58300	2019	10	11	08	50	0.31
P34850_58300	2019	10	11	09	00	0.00
P34850_58300	2019	10	11	09	10	0.02
P34850_58300	2019	10	11	09	20	0.69
P34850_58300	2019	10	11	09	30	0.40
P34850_58300	2019	10	11	09	40	1.36
P34850_58300	2019	10	11	09	50	2.21
P34850_58300	2019	10	11	10	00	2.35
P34650_58325	2019	10	11	04	00	0.00
P34650_58325	2019	10	11	04	10	0.00
P34650_58325	2019	10	11	04	20	0.00
P34650_58325	2019	10	11	04	30	0.00
P34650_58325	2019	10	11	04	40	0.00
P34650_58325	2019	10	11	04	50	0.00
P34650_58325	2019	10	11	05	00	0.00
P34650_58325	2019	10	11	05	10	0.00
P34650_58325	2019	10	11	05	20	0.00
P34650_58325	2019	10	11	05	30	0.00
P34650_58325	2019	10	11	05	40	0.00
P34650_58325	2019	10	11	05	50	0.00
P34650_58325	2019	10	11	06	00	0.00
P34650_58325	2019	10	11	06	10	0.00
P34650_58325	2019	10	11	06	20	0.83
P34650_58325	2019	10	11	06	30	0.63
P34650_58325	2019	10	11	06	40	1.91
P34650_58325	2019	10	11	06	50	0.62
P34650_58325	2019	10	11	07	00	7.19
P34650_58325	2019	10	11	07	10	0.88
P34650_58325	2019	10	11	07	20	0.37
P34650_58325	2019	10	11	07	30	4.06
P34650_58325	2019	10	11	07	40	0.36
P34650_58325	2019	10	11	07	50	2.00
P34650_58325	2019	10	11	08	00	3.37
P34650_58325	2019	10	11	08	10	1.29
P34650_58325	2019	10	11	08	20	0.25
P34650_58325	2019	10	11	08	30	0.42
P34650_58325	2019	10	11	08	40	2.08
P34650_58325	2019	10	11	08	50	2.02
P34650_58325	2019	10	11	09	00	0.42
P34650_58325	2019	10	11	09	10	0.16
P34650_58325	2019	10	11	09	20	0.02
P34650_58325	2019	10	11	09	30	1.24
P34650_58325	2019	10	11	09	40	0.93
P34650_58325	2019	10	11	09	50	0.49
P34650_58325	2019	10	11	10	00	0.04
P34700_58325	2019	10	11	04	00	0.00
P34700_58325	2019	10	11	04	10	0.00
P34700_58325	2019	10	11	04	20	0.00
P34700_58325	2019	10	11	04	30	0.00
P34700_58325	2019	10	11	04	40	0.00
P34700_58325	2019	10	11	04	50	0.00
P34700_58325	2019	10	11	05	00	0.00
P34700_58325	2019	10	11	05	10	0.00
P34700_58325	2019	10	11	05	20	0.00
P34700_58325	2019	10	11	05	30	0.00
P34700_58325	2019	10	11	05	40	0.00
P34700_58325	2019	10	11	05	50	0.00
P34700_58325	2019	10	11	06	00	0.21
P34700_58325	2019	10	11	06	10	0.05
P34700_58325	2019	10	11	06	20	1.70
P34700_58325	2019	10	11	06	30	0.16
P34700_58325	2019	10	11	06	40	2.15
P34700_58325	2019	10	11	06	50	0.54
P34700_58325	2019	10	11	07	00	13.19
P34700_58325	2019	10	11	07	10	0.65
P34700_58325	2019	10	11	07	20	0.23
P34700_58325	2019	10	11	07	30	5.32
P34700_58325	2019	10	11	07	40	0.28
P34700_58325	2019	10	11	07	50	3.13
P34700_58325	2019	10	11	08	00	0.43
P34700_58325	2019	10	11	08	10	2.74
P34700_58325	2019	10	11	08	20	1.40
P34700_58325	2019	10	11	08	30	0.54
P34700_58325	2019	10	11	08	40	2.66
P34700_58325	2019	10	11	08	50	1.48
P34700_58325	2019	10	11	09	00	0.19
P34700_58325	2019	10	11	09	10	0.00
P34700_58325	2019	10	11	09	20	0.22
P34700_58325	2019	10	11	09	30	0.51
P34700_58325	2019	10	11	09	40	0.95
P34700_58325	2019	10	11	09	50	0.41
P34700_58325	2019	10	11	10	00	0.18
P34725_58300	2019	10	11	04	00	0.00
P34725_58300	2019	10	11	04	10	0.00
P34725_58300	2019	10	11	04	20	0.00
P34725_58300	2019	10	11	04	30	0.00
P34725_58300	2019	10	11	04	40	0.00
P34725_58300	2019	10	11	04	50	0.00
P34725_58300	2019	10	11	05	00	0.00
P34725_58300	2019	10	11	05	10	0.00
P34725_58300	2019	10	11	05	20	0.00
P34725_58300	2019	10	11	05	30	0.00
P34725_58300	2019	10	11	05	40	0.00
P34725_58300	2019	10	11	05	50	0.00
P34725_58300	2019	10	11	06	00	0.38
P34725_58300	2019	10	11	06	10	0.15
P34725_58300	2019	10	11	06	20	1.98
P34725_58300	2019	10	11	06	30	0.12
P34725_58300	2019	10	11	06	40	0.92
P34725_58300	2019	10	11	06	50	1.01
P34725_58300	2019	10	11	07	00	11.90
P34725_58300	2019	10	11	07	10	1.91
P34725_58300	2019	10	11	07	20	0.42
P34725_58300	2019	10	11	07	30	4.35
P34725_58300	2019	10	11	07	40	0.86
P34725_58300	2019	10	11	07	50	4.04
P34725_58300	2019	10	11	08	00	0.93
P34725_58300	2019	10	11	08	10	2.45
P34725_58300	2019	10	11	08	20	2.48
P34725_58300	2019	10	11	08	30	0.68
P34725_58300	2019	10	11	08	40	2.38
P34725_58300	2019	10	11	08	50	0.64
P34725_58300	2019	10	11	09	00	0.33
P34725_58300	2019	10	11	09	10	0.00
P34725_58300	2019	10	11	09	20	0.36
P34725_58300	2019	10	11	09	30	0.27
P34725_58300	2019	10	11	09	40	0.95
P34725_58300	2019	10	11	09	50	0.38
P34725_58300	2019	10	11	10	00	0.37
P34800_58325	2019	10	11	04	00	0.00
P34800_58325	2019	10	11	04	10	0.00
P34800_58325	2019	10	11	04	20	0.00
P34800_58325	2019	10	11	04	30	0.00
P34800_58325	2019	10	11	04	40	0.00
P34800_58325	2019	10	11	04	50	0.00
P34800_58325	2019	10	11	05	00	0.00
P34800_58325	2019	10	11	05	10	0.00
P34800_58325	2019	10	11	05	20	0.00
P34800_58325	2019	10	11	05	30	0.00
P34800_58325	2019	10	11	05	40	0.00
P34800_58325	2019	10	11	05	50	0.01
P34800_58325	2019	10	11	06	00	0.17
P34800_58325	2019	10	11	06	10	0.23
P34800_58325	2019	10	11	06	20	2.16
P34800_58325	2019	10	11	06	30	0.07
P34800_58325	2019	10	11	06	40	0.65
P34800_58325	2019	10	11	06	50	4.47
P34800_58325	2019	10	11	07	00	8.28
P34800_58325	2019	10	11	07	10	0.62
P34800_58325	2019	10	11	07	20	3.06
P34800_58325	2019	10	11	07	30	1.41
P34800_58325	2019	10	11	07	40	0.44
P34800_58325	2019	10	11	07	50	5.97
P34800_58325	2019	10	11	08	00	0.65
P34800_58325	2019	10	11	08	10	2.20
P34800_58325	2019	10	11	08	20	2.02
P34800_58325	2019	10	11	08	30	3.77
P34800_58325	2019	10	11	08	40	1.67
P34800_58325	2019	10	11	08	50	0.11
P34800_58325	2019	10	11	09	00	0.00
P34800_58325	2019	10	11	09	10	0.00
P34800_58325	2019	10	11	09	20	1.10
P34800_58325	2019	10	11	09	30	0.17
P34800_58325	2019	10	11	09	40	0.90
P34800_58325	2019	10	11	09	50	2.81
P34800_58325	2019	10	11	10	00	1.86
P34875_58375	2019	10	11	04	00	0.00
P34875_58375	2019	10	11	04	10	0.02
P34875_58375	2019	10	11	04	20	0.01
P34875_58375	2019	10	11	04	30	0.00
P34875_58375	2019	10	11	04	40	0.00
P34875_58375	2019	10	11	04	50	0.00
P34875_58375	2019	10	11	05	00	0.00
P34875_58375	2019	10	11	05	10	0.00
P34875_58375	2019	10	11	05	20	0.00
P34875_58375	2019	10	11	05	30	0.04
P34875_58375	2019	10	11	05	40	1.47
P34875_58375	2019	10	11	05	50	0.28
P34875_58375	2019	10	11	06	00	0.18
P34875_58375	2019	10	11	06	10	0.54
P34875_58375	2019	10	11	06	20	0.02
P34875_58375	2019	10	11	06	30	0.09
P34875_58375	2019	10	11	06	40	4.80
P34875_58375	2019	10	11	06	50	10.16
P34875_58375	2019	10	11	07	00	0.67
P34875_58375	2019	10	11	07	10	1.06
P34875_58375	2019	10	11	07	20	1.89
P34875_58375	2019	10	11	07	30	0.11
P34875_58375	2019	10	11	07	40	5.84
P34875_58375	2019	10	11	07	50	0.74
P34875_58375	2019	10	11	08	00	3.05
P34875_58375	2019	10	11	08	10	2.91
P34875_58375	2019	10	11	08	20	2.60
P34875_58375	2019	10	11	08	30	0.56
P34875_58375	2019	10	11	08	40	0.45
P34875_58375	2019	10	11	08	50	0.07
P34875_58375	2019	10	11	09	00	0.13
P34875_58375	2019	10	11	09	10	0.21
P34875_58375	2019	10	11	09	20	1.28
P34875_58375	2019	10	11	09	30	0.70
P34875_58375	2019	10	11	09	40	3.83
P34875_58375	2019	10	11	09	50	0.84
P34875_58375	2019	10	11	10	00	1.21
P34775_58275	2019	10	11	04	00	0.00
P34775_58275	2019	10	11	04	10	0.00
P34775_58275	2019	10	11	04	20	0.00
P34775_58275	2019	10	11	04	30	0.00
P34775_58275	2019	10	11	04	40	0.00
P34775_58275	2019	10	11	04	50	0.00
P34775_58275	2019	10	11	05	00	0.00
P34775_58275	2019	10	11	05	10	0.00
P34775_58275	2019	10	11	05	20	0.00
P34775_58275	2019	10	11	05	30	0.00
P34775_58275	2019	10	11	05	40	0.00
P34775_58275	2019	10	11	05	50	0.00
P34775_58275	2019	10	11	06	00	0.19
P34775_58275	2019	10	11	06	10	0.30
P34775_58275	2019	10	11	06	20	2.58
P34775_58275	2019	10	11	06	30	0.31
P34775_58275	2019	10	11	06	40	0.47
P34775_58275	2019	10	11	06	50	1.36
P34775_58275	2019	10	11	07	00	9.28
P34775_58275	2019	10	11	07	10	2.93
P34775_58275	2019	10	11	07	20	1.78
P34775_58275	2019	10	11	07	30	2.38
P34775_58275	2019	10	11	07	40	0.43
P34775_58275	2019	10	11	07	50	4.46
P34775_58275	2019	10	11	08	00	0.30
P34775_58275	2019	10	11	08	10	1.17
P34775_58275	2019	10	11	08	20	2.27
P34775_58275	2019	10	11	08	30	1.05
P34775_58275	2019	10	11	08	40	2.09
P34775_58275	2019	10	11	08	50	0.26
P34775_58275	2019	10	11	09	00	0.07
P34775_58275	2019	10	11	09	10	0.00
P34775_58275	2019	10	11	09	20	0.38
P34775_58275	2019	10	11	09	30	0.36
P34775_58275	2019	10	11	09	40	0.67
P34775_58275	2019	10	11	09	50	0.94
P34775_58275	2019	10	11	10	00	1.97
P34725_58275	2019	10	11	04	00	0.00
P34725_58275	2019	10	11	04	10	0.01
P34725_58275	2019	10	11	04	20	0.00
P34725_58275	2019	10	11	04	30	0.00
P34725_58275	2019	10	11	04	40	0.00
P34725_58275	2019	10	11	04	50	0.00
P34725_58275	2019	10	11	05	00	0.00
P34725_58275	2019	10	11	05	10	0.00
P34725_58275	2019	10	11	05	20	0.00
P34725_58275	2019	10	11	05	30	0.00
P34725_58275	2019	10	11	05	40	0.00
P34725_58275	2019	10	11	05	50	0.00
P34725_58275	2019	10	11	06	00	0.28
P34725_58275	2019	10	11	06	10	0.34
P34725_58275	2019	10	11	06	20	1.92
P34725_58275	2019	10	11	06	30	0.31
P34725_58275	2019	10	11	06	40	0.41
P34725_58275	2019	10	11	06	50	1.57
P34725_58275	2019	10	11	07	00	8.43
P34725_58275	2019	10	11	07	10	4.81
P34725_58275	2019	10	11	07	20	0.38
P34725_58275	2019	10	11	07	30	3.37
P34725_58275	2019	10	11	07	40	1.52
P34725_58275	2019	10	11	07	50	3.99
P34725_58275	2019	10	11	08	00	1.39
P34725_58275	2019	10	11	08	10	2.48
P34725_58275	2019	10	11	08	20	2.60
P34725_58275	2019	10	11	08	30	1.02
P34725_58275	2019	10	11	08	40	1.90
P34725_58275	2019	10	11	08	50	0.67
P34725_58275	2019	10	11	09	00	0.52
P34725_58275	2019	10	11	09	10	0.00
P34725_58275	2019	10	11	09	20	0.27
P34725_58275	2019	10	11	09	30	0.32
P34725_58275	2019	10	11	09	40	0.88
P34725_58275	2019	10	11	09	50	0.28
P34725_58275	2019	10	11	10	00	0.61
P34750_58275	2019	10	11	04	00	0.00
P34750_58275	2019	10	11	04	10	0.01
P34750_58275	2019	10	11	04	20	0.00
P34750_58275	2019	10	11	04	30	0.00
P34750_58275	2019	10	11	04	40	0.00
P34750_58275	2019	10	11	04	50	0.00
P34750_58275	2019	10	11	05	00	0.00
P34750_58275	2019	10	11	05	10	0.00
P34750_58275	2019	10	11	05	20	0.00
P34750_58275	2019	10	11	05	30	0.00
P34750_58275	2019	10	11	05	40	0.00
P34750_58275	2019	10	11	05	50	0.00
P34750_58275	2019	10	11	06	00	0.26
P34750_58275	2019	10	11	06	10	0.41
P34750_58275	2019	10	11	06	20	2.78
P34750_58275	2019	10	11	06	30	0.22
P34750_58275	2019	10	11	06	40	0.26
P34750_58275	2019	10	11	06	50	1.33
P34750_58275	2019	10	11	07	00	9.28
P34750_58275	2019	10	11	07	10	3.88
P34750_58275	2019	10	11	07	20	1.18
P34750_58275	2019	10	11	07	30	2.82
P34750_58275	2019	10	11	07	40	1.33
P34750_58275	2019	10	11	07	50	3.64
P34750_58275	2019	10	11	08	00	1.00
P34750_58275	2019	10	11	08	10	1.29
P34750_58275	2019	10	11	08	20	2.17
P34750_58275	2019	10	11	08	30	0.72
P34750_58275	2019	10	11	08	40	2.48
P34750_58275	2019	10	11	08	50	0.39
P34750_58275	2019	10	11	09	00	0.38
P34750_58275	2019	10	11	09	10	0.00
P34750_58275	2019	10	11	09	20	0.30
P34750_58275	2019	10	11	09	30	0.34
P34750_58275	2019	10	11	09	40	0.80
P34750_58275	2019	10	11	09	50	0.48
P34750_58275	2019	10	11	10	00	0.98
P34750_58350	2019	10	11	04	00	0.00
P34750_58350	2019	10	11	04	10	0.00
P34750_58350	2019	10	11	04	20	0.00
P34750_58350	2019	10	11	04	30	0.00
P34750_58350	2019	10	11	04	40	0.00
P34750_58350	2019	10	11	04	50	0.00
P34750_58350	2019	10	11	05	00	0.00
P34750_58350	2019	10	11	05	10	0.00
P34750_58350	2019	10	11	05	20	0.00
P34750_58350	2019	10	11	05	30	0.00
P34750_58350	2019	10	11	05	40	0.00
P34750_58350	2019	10	11	05	50	0.01
P34750_58350	2019	10	11	06	00	0.44
P34750_58350	2019	10	11	06	10	0.40
P34750_58350	2019	10	11	06	20	1.49
P34750_58350	2019	10	11	06	30	0.15
P34750_58350	2019	10	11	06	40	0.92
P34750_58350	2019	10	11	06	50	6.56
P34750_58350	2019	10	11	07	00	6.54
P34750_58350	2019	10	11	07	10	1.42
P34750_58350	2019	10	11	07	20	1.24
P34750_58350	2019	10	11	07	30	2.74
P34750_58350	2019	10	11	07	40	0.37
P34750_58350	2019	10	11	07	50	2.86
P34750_58350	2019	10	11	08	00	0.95
P34750_58350	2019	10	11	08	10	1.21
P34750_58350	2019	10	11	08	20	1.00
P34750_58350	2019	10	11	08	30	2.44
P34750_58350	2019	10	11	08	40	1.00
P34750_58350	2019	10	11	08	50	0.39
P34750_58350	2019	10	11	09	00	0.04
P34750_58350	2019	10	11	09	10	0.00
P34750_58350	2019	10	11	09	20	0.74
P34750_58350	2019	10	11	09	30	0.18
P34750_58350	2019	10	11	09	40	0.89
P34750_58350	2019	10	11	09	50	0.78
P34750_58350	2019	10	11	10	00	0.45
P34725_58350	2019	10	11	04	00	0.00
P34725_58350	2019	10	11	04	10	0.00
P34725_58350	2019	10	11	04	20	0.00
P34725_58350	2019	10	11	04	30	0.00
P34725_58350	2019	10	11	04	40	0.00
P34725_58350	2019	10	11	04	50	0.00
P34725_58350	2019	10	11	05	00	0.00
P34725_58350	2019	10	11	05	10	0.00
P34725_58350	2019	10	11	05	20	0.00
P34725_58350	2019	10	11	05	30	0.00
P34725_58350	2019	10	11	05	40	0.00
P34725_58350	2019	10	11	05	50	0.00
P34725_58350	2019	10	11	06	00	0.37
P34725_58350	2019	10	11	06	10	0.26
P34725_58350	2019	10	11	06	20	1.71
P34725_58350	2019	10	11	06	30	0.08
P34725_58350	2019	10	11	06	40	1.24
P34725_58350	2019	10	11	06	50	4.52
P34725_58350	2019	10	11	07	00	8.29
P34725_58350	2019	10	11	07	10	0.82
P34725_58350	2019	10	11	07	20	0.58
P34725_58350	2019	10	11	07	30	4.83
P34725_58350	2019	10	11	07	40	0.29
P34725_58350	2019	10	11	07	50	3.25
P34725_58350	2019	10	11	08	00	0.90
P34725_58350	2019	10	11	08	10	1.63
P34725_58350	2019	10	11	08	20	1.71
P34725_58350	2019	10	11	08	30	2.51
P34725_58350	2019	10	11	08	40	1.40
P34725_58350	2019	10	11	08	50	0.78
P34725_58350	2019	10	11	09	00	0.11
P34725_58350	2019	10	11	09	10	0.00
P34725_58350	2019	10	11	09	20	0.51
P34725_58350	2019	10	11	09	30	0.21
P34725_58350	2019	10	11	09	40	0.95
P34725_58350	2019	10	11	09	50	0.56
P34725_58350	2019	10	11	10	00	0.22
P34700_58300	2019	10	11	04	00	0.00
P34700_58300	2019	10	11	04	10	0.01
P34700_58300	2019	10	11	04	20	0.00
P34700_58300	2019	10	11	04	30	0.00
P34700_58300	2019	10	11	04	40	0.00
P34700_58300	2019	10	11	04	50	0.00
P34700_58300	2019	10	11	05	00	0.00
P34700_58300	2019	10	11	05	10	0.00
P34700_58300	2019	10	11	05	20	0.00
P34700_58300	2019	10	11	05	30	0.00
P34700_58300	2019	10	11	05	40	0.00
P34700_58300	2019	10	11	05	50	0.00
P34700_58300	2019	10	11	06	00	0.18
P34700_58300	2019	10	11	06	10	0.12
P34700_58300	2019	10	11	06	20	1.49
P34700_58300	2019	10	11	06	30	0.38
P34700_58300	2019	10	11	06	40	1.76
P34700_58300	2019	10	11	06	50	0.76
P34700_58300	2019	10	11	07	00	12.29
P34700_58300	2019	10	11	07	10	2.43
P34700_58300	2019	10	11	07	20	0.13
P34700_58300	2019	10	11	07	30	4.88
P34700_58300	2019	10	11	07	40	0.82
P34700_58300	2019	10	11	07	50	3.09
P34700_58300	2019	10	11	08	00	0.62
P34700_58300	2019	10	11	08	10	2.77
P34700_58300	2019	10	11	08	20	1.51
P34700_58300	2019	10	11	08	30	0.41
P34700_58300	2019	10	11	08	40	2.08
P34700_58300	2019	10	11	08	50	1.91
P34700_58300	2019	10	11	09	00	0.33
P34700_58300	2019	10	11	09	10	0.01
P34700_58300	2019	10	11	09	20	0.18
P34700_58300	2019	10	11	09	30	0.69
P34700_58300	2019	10	11	09	40	0.90
P34700_58300	2019	10	11	09	50	0.27
P34700_58300	2019	10	11	10	00	0.33
P34700_58375	2019	10	11	04	00	0.00
P34700_58375	2019	10	11	04	10	0.00
P34700_58375	2019	10	11	04	20	0.00
P34700_58375	2019	10	11	04	30	0.00
P34700_58375	2019	10	11	04	40	0.00
P34700_58375	2019	10	11	04	50	0.00
P34700_58375	2019	10	11	05	00	0.00
P34700_58375	2019	10	11	05	10	0.00
P34700_58375	2019	10	11	05	20	0.00
P34700_58375	2019	10	11	05	30	0.00
P34700_58375	2019	10	11	05	40	0.00
P34700_58375	2019	10	11	05	50	0.00
P34700_58375	2019	10	11	06	00	0.15
P34700_58375	2019	10	11	06	10	0.77
P34700_58375	2019	10	11	06	20	1.28
P34700_58375	2019	10	11	06	30	0.10
P34700_58375	2019	10	11	06	40	1.69
P34700_58375	2019	10	11	06	50	6.58
P34700_58375	2019	10	11	07	00	4.98
P34700_58375	2019	10	11	07	10	0.30
P34700_58375	2019	10	11	07	20	0.91
P34700_58375	2019	10	11	07	30	4.35
P34700_58375	2019	10	11	07	40	0.08
P34700_58375	2019	10	11	07	50	3.16
P34700_58375	2019	10	11	08	00	0.78
P34700_58375	2019	10	11	08	10	1.71
P34700_58375	2019	10	11	08	20	1.31
P34700_58375	2019	10	11	08	30	2.44
P34700_58375	2019	10	11	08	40	1.82
P34700_58375	2019	10	11	08	50	0.81
P34700_58375	2019	10	11	09	00	0.07
P34700_58375	2019	10	11	09	10	0.00
P34700_58375	2019	10	11	09	20	0.30
P34700_58375	2019	10	11	09	30	0.27
P34700_58375	2019	10	11	09	40	0.88
P34700_58375	2019	10	11	09	50	0.57
P34700_58375	2019	10	11	10	00	0.27
P34675_58375	2019	10	11	04	00	0.00
P34675_58375	2019	10	11	04	10	0.00
P34675_58375	2019	10	11	04	20	0.00
P34675_58375	2019	10	11	04	30	0.00
P34675_58375	2019	10	11	04	40	0.00
P34675_58375	2019	10	11	04	50	0.00
P34675_58375	2019	10	11	05	00	0.00
P34675_58375	2019	10	11	05	10	0.00
P34675_58375	2019	10	11	05	20	0.00
P34675_58375	2019	10	11	05	30	0.00
P34675_58375	2019	10	11	05	40	0.00
P34675_58375	2019	10	11	05	50	0.00
P34675_58375	2019	10	11	06	00	0.01
P34675_58375	2019	10	11	06	10	0.25
P34675_58375	2019	10	11	06	20	1.21
P34675_58375	2019	10	11	06	30	0.28
P34675_58375	2019	10	11	06	40	2.15
P34675_58375	2019	10	11	06	50	4.11
P34675_58375	2019	10	11	07	00	6.54
P34675_58375	2019	10	11	07	10	0.07
P34675_58375	2019	10	11	07	20	0.59
P34675_58375	2019	10	11	07	30	3.28
P34675_58375	2019	10	11	07	40	0.04
P34675_58375	2019	10	11	07	50	2.80
P34675_58375	2019	10	11	08	00	0.52
P34675_58375	2019	10	11	08	10	1.18
P34675_58375	2019	10	11	08	20	0.44
P34675_58375	2019	10	11	08	30	1.61
P34675_58375	2019	10	11	08	40	2.41
P34675_58375	2019	10	11	08	50	1.53
P34675_58375	2019	10	11	09	00	0.12
P34675_58375	2019	10	11	09	10	0.01
P34675_58375	2019	10	11	09	20	0.15
P34675_58375	2019	10	11	09	30	0.96
P34675_58375	2019	10	11	09	40	1.01
P34675_58375	2019	10	11	09	50	0.40
P34675_58375	2019	10	11	10	00	0.13
P34850_58275	2019	10	11	04	00	0.00
P34850_58275	2019	10	11	04	10	0.00
P34850_58275	2019	10	11	04	20	0.00
P34850_58275	2019	10	11	04	30	0.02
P34850_58275	2019	10	11	04	40	0.00
P34850_58275	2019	10	11	04	50	0.00
P34850_58275	2019	10	11	05	00	0.00
P34850_58275	2019	10	11	05	10	0.00
P34850_58275	2019	10	11	05	20	0.00
P34850_58275	2019	10	11	05	30	0.00
P34850_58275	2019	10	11	05	40	0.01
P34850_58275	2019	10	11	05	50	0.29
P34850_58275	2019	10	11	06	00	0.04
P34850_58275	2019	10	11	06	10	0.42
P34850_58275	2019	10	11	06	20	1.14
P34850_58275	2019	10	11	06	30	0.32
P34850_58275	2019	10	11	06	40	0.18
P34850_58275	2019	10	11	06	50	4.64
P34850_58275	2019	10	11	07	00	2.26
P34850_58275	2019	10	11	07	10	0.22
P34850_58275	2019	10	11	07	20	1.15
P34850_58275	2019	10	11	07	30	2.37
P34850_58275	2019	10	11	07	40	1.13
P34850_58275	2019	10	11	07	50	5.77
P34850_58275	2019	10	11	08	00	1.27
P34850_58275	2019	10	11	08	10	1.83
P34850_58275	2019	10	11	08	20	3.09
P34850_58275	2019	10	11	08	30	3.68
P34850_58275	2019	10	11	08	40	1.98
P34850_58275	2019	10	11	08	50	0.52
P34850_58275	2019	10	11	09	00	0.01
P34850_58275	2019	10	11	09	10	0.01
P34850_58275	2019	10	11	09	20	0.44
P34850_58275	2019	10	11	09	30	0.53
P34850_58275	2019	10	11	09	40	0.96
P34850_58275	2019	10	11	09	50	2.32
P34850_58275	2019	10	11	10	00	2.45
P34800_58275	2019	10	11	04	00	0.00
P34800_58275	2019	10	11	04	10	0.00
P34800_58275	2019	10	11	04	20	0.01
P34800_58275	2019	10	11	04	30	0.01
P34800_58275	2019	10	11	04	40	0.00
P34800_58275	2019	10	11	04	50	0.00
P34800_58275	2019	10	11	05	00	0.00
P34800_58275	2019	10	11	05	10	0.00
P34800_58275	2019	10	11	05	20	0.00
P34800_58275	2019	10	11	05	30	0.00
P34800_58275	2019	10	11	05	40	0.00
P34800_58275	2019	10	11	05	50	0.02
P34800_58275	2019	10	11	06	00	0.11
P34800_58275	2019	10	11	06	10	0.16
P34800_58275	2019	10	11	06	20	2.08
P34800_58275	2019	10	11	06	30	0.30
P34800_58275	2019	10	11	06	40	0.52
P34800_58275	2019	10	11	06	50	2.00
P34800_58275	2019	10	11	07	00	6.85
P34800_58275	2019	10	11	07	10	1.62
P34800_58275	2019	10	11	07	20	1.64
P34800_58275	2019	10	11	07	30	2.62
P34800_58275	2019	10	11	07	40	0.07
P34800_58275	2019	10	11	07	50	5.89
P34800_58275	2019	10	11	08	00	0.98
P34800_58275	2019	10	11	08	10	0.78
P34800_58275	2019	10	11	08	20	3.27
P34800_58275	2019	10	11	08	30	2.46
P34800_58275	2019	10	11	08	40	2.16
P34800_58275	2019	10	11	08	50	0.19
P34800_58275	2019	10	11	09	00	0.01
P34800_58275	2019	10	11	09	10	0.00
P34800_58275	2019	10	11	09	20	0.50
P34800_58275	2019	10	11	09	30	0.50
P34800_58275	2019	10	11	09	40	0.65
P34800_58275	2019	10	11	09	50	1.69
P34800_58275	2019	10	11	10	00	2.94
P34825_58275	2019	10	11	04	00	0.00
P34825_58275	2019	10	11	04	10	0.00
P34825_58275	2019	10	11	04	20	0.00
P34825_58275	2019	10	11	04	30	0.02
P34825_58275	2019	10	11	04	40	0.00
P34825_58275	2019	10	11	04	50	0.00
P34825_58275	2019	10	11	05	00	0.00
P34825_58275	2019	10	11	05	10	0.00
P34825_58275	2019	10	11	05	20	0.00
P34825_58275	2019	10	11	05	30	0.00
P34825_58275	2019	10	11	05	40	0.00
P34825_58275	2019	10	11	05	50	0.03
P34825_58275	2019	10	11	06	00	0.03
P34825_58275	2019	10	11	06	10	0.31
P34825_58275	2019	10	11	06	20	2.00
P34825_58275	2019	10	11	06	30	0.31
P34825_58275	2019	10	11	06	40	0.21
P34825_58275	2019	10	11	06	50	2.94
P34825_58275	2019	10	11	07	00	4.03
P34825_58275	2019	10	11	07	10	0.65
P34825_58275	2019	10	11	07	20	1.63
P34825_58275	2019	10	11	07	30	2.40
P34825_58275	2019	10	11	07	40	0.10
P34825_58275	2019	10	11	07	50	7.10
P34825_58275	2019	10	11	08	00	1.57
P34825_58275	2019	10	11	08	10	0.89
P34825_58275	2019	10	11	08	20	3.62
P34825_58275	2019	10	11	08	30	4.21
P34825_58275	2019	10	11	08	40	2.45
P34825_58275	2019	10	11	08	50	0.40
P34825_58275	2019	10	11	09	00	0.00
P34825_58275	2019	10	11	09	10	0.00
P34825_58275	2019	10	11	09	20	0.47
P34825_58275	2019	10	11	09	30	0.59
P34825_58275	2019	10	11	09	40	0.64
P34825_58275	2019	10	11	09	50	2.14
P34825_58275	2019	10	11	10	00	3.25
P34875_58275	2019	10	11	04	00	0.00
P34875_58275	2019	10	11	04	10	0.00
P34875_58275	2019	10	11	04	20	0.00
P34875_58275	2019	10	11	04	30	0.01
P34875_58275	2019	10	11	04	40	0.01
P34875_58275	2019	10	11	04	50	0.01
P34875_58275	2019	10	11	05	00	0.00
P34875_58275	2019	10	11	05	10	0.00
P34875_58275	2019	10	11	05	20	0.00
P34875_58275	2019	10	11	05	30	0.00
P34875_58275	2019	10	11	05	40	0.02
P34875_58275	2019	10	11	05	50	0.92
P34875_58275	2019	10	11	06	00	0.06
P34875_58275	2019	10	11	06	10	0.29
P34875_58275	2019	10	11	06	20	0.28
P34875_58275	2019	10	11	06	30	0.22
P34875_58275	2019	10	11	06	40	0.70
P34875_58275	2019	10	11	06	50	6.97
P34875_58275	2019	10	11	07	00	1.91
P34875_58275	2019	10	11	07	10	0.32
P34875_58275	2019	10	11	07	20	0.99
P34875_58275	2019	10	11	07	30	2.66
P34875_58275	2019	10	11	07	40	2.90
P34875_58275	2019	10	11	07	50	4.61
P34875_58275	2019	10	11	08	00	1.10
P34875_58275	2019	10	11	08	10	2.95
P34875_58275	2019	10	11	08	20	2.27
P34875_58275	2019	10	11	08	30	2.32
P34875_58275	2019	10	11	08	40	0.91
P34875_58275	2019	10	11	08	50	0.42
P34875_58275	2019	10	11	09	00	0.01
P34875_58275	2019	10	11	09	10	0.06
P34875_58275	2019	10	11	09	20	0.54
P34875_58275	2019	10	11	09	30	0.51
P34875_58275	2019	10	11	09	40	1.63
P34875_58275	2019	10	11	09	50	2.53
P34875_58275	2019	10	11	10	00	1.63
P34900_58375	2019	10	11	04	00	0.00
P34900_58375	2019	10	11	04	10	0.00
P34900_58375	2019	10	11	04	20	0.00
P34900_58375	2019	10	11	04	30	0.00
P34900_58375	2019	10	11	04	40	0.00
P34900_58375	2019	10	11	04	50	0.00
P34900_58375	2019	10	11	05	00	0.00
P34900_58375	2019	10	11	05	10	0.00
P34900_58375	2019	10	11	05	20	0.00
P34900_58375	2019	10	11	05	30	0.13
P34900_58375	2019	10	11	05	40	1.53
P34900_58375	2019	10	11	05	50	0.38
P34900_58375	2019	10	11	06	00	0.31
P34900_58375	2019	10	11	06	10	1.11
P34900_58375	2019	10	11	06	20	0.02
P34900_58375	2019	10	11	06	30	0.59
P34900_58375	2019	10	11	06	40	6.65
P34900_58375	2019	10	11	06	50	6.93
P34900_58375	2019	10	11	07	00	0.79
P34900_58375	2019	10	11	07	10	1.84
P34900_58375	2019	10	11	07	20	0.49
P34900_58375	2019	10	11	07	30	0.11
P34900_58375	2019	10	11	07	40	4.78
P34900_58375	2019	10	11	07	50	0.78
P34900_58375	2019	10	11	08	00	6.24
P34900_58375	2019	10	11	08	10	4.68
P34900_58375	2019	10	11	08	20	2.76
P34900_58375	2019	10	11	08	30	0.72
P34900_58375	2019	10	11	08	40	0.07
P34900_58375	2019	10	11	08	50	0.09
P34900_58375	2019	10	11	09	00	0.19
P34900_58375	2019	10	11	09	10	0.54
P34900_58375	2019	10	11	09	20	1.25
P34900_58375	2019	10	11	09	30	1.30
P34900_58375	2019	10	11	09	40	3.38
P34900_58375	2019	10	11	09	50	0.41
P34900_58375	2019	10	11	10	00	1.93
P34800_58375	2019	10	11	04	00	0.00
P34800_58375	2019	10	11	04	10	0.02
P34800_58375	2019	10	11	04	20	0.00
P34800_58375	2019	10	11	04	30	0.00
P34800_58375	2019	10	11	04	40	0.00
P34800_58375	2019	10	11	04	50	0.00
P34800_58375	2019	10	11	05	00	0.00
P34800_58375	2019	10	11	05	10	0.00
P34800_58375	2019	10	11	05	20	0.00
P34800_58375	2019	10	11	05	30	0.00
P34800_58375	2019	10	11	05	40	0.00
P34800_58375	2019	10	11	05	50	0.04
P34800_58375	2019	10	11	06	00	0.19
P34800_58375	2019	10	11	06	10	0.85
P34800_58375	2019	10	11	06	20	0.82
P34800_58375	2019	10	11	06	30	0.08
P34800_58375	2019	10	11	06	40	0.87
P34800_58375	2019	10	11	06	50	10.94
P34800_58375	2019	10	11	07	00	1.67
P34800_58375	2019	10	11	07	10	0.58
P34800_58375	2019	10	11	07	20	3.85
P34800_58375	2019	10	11	07	30	0.30
P34800_58375	2019	10	11	07	40	3.09
P34800_58375	2019	10	11	07	50	3.09
P34800_58375	2019	10	11	08	00	0.49
P34800_58375	2019	10	11	08	10	3.23
P34800_58375	2019	10	11	08	20	2.24
P34800_58375	2019	10	11	08	30	3.76
P34800_58375	2019	10	11	08	40	1.53
P34800_58375	2019	10	11	08	50	0.02
P34800_58375	2019	10	11	09	00	0.00
P34800_58375	2019	10	11	09	10	0.00
P34800_58375	2019	10	11	09	20	1.36
P34800_58375	2019	10	11	09	30	0.38
P34800_58375	2019	10	11	09	40	1.12
P34800_58375	2019	10	11	09	50	3.35
P34800_58375	2019	10	11	10	00	1.74
P34800_58400	2019	10	11	04	00	0.00
P34800_58400	2019	10	11	04	10	0.02
P34800_58400	2019	10	11	04	20	0.00
P34800_58400	2019	10	11	04	30	0.00
P34800_58400	2019	10	11	04	40	0.00
P34800_58400	2019	10	11	04	50	0.00
P34800_58400	2019	10	11	05	00	0.00
P34800_58400	2019	10	11	05	10	0.00
P34800_58400	2019	10	11	05	20	0.00
P34800_58400	2019	10	11	05	30	0.00
P34800_58400	2019	10	11	05	40	0.00
P34800_58400	2019	10	11	05	50	0.08
P34800_58400	2019	10	11	06	00	0.16
P34800_58400	2019	10	11	06	10	0.76
P34800_58400	2019	10	11	06	20	0.29
P34800_58400	2019	10	11	06	30	0.15
P34800_58400	2019	10	11	06	40	2.49
P34800_58400	2019	10	11	06	50	9.75
P34800_58400	2019	10	11	07	00	0.53
P34800_58400	2019	10	11	07	10	0.45
P34800_58400	2019	10	11	07	20	3.70
P34800_58400	2019	10	11	07	30	0.13
P34800_58400	2019	10	11	07	40	3.99
P34800_58400	2019	10	11	07	50	1.85
P34800_58400	2019	10	11	08	00	0.37
P34800_58400	2019	10	11	08	10	3.31
P34800_58400	2019	10	11	08	20	2.81
P34800_58400	2019	10	11	08	30	3.92
P34800_58400	2019	10	11	08	40	1.19
P34800_58400	2019	10	11	08	50	0.01
P34800_58400	2019	10	11	09	00	0.00
P34800_58400	2019	10	11	09	10	0.06
P34800_58400	2019	10	11	09	20	1.31
P34800_58400	2019	10	11	09	30	0.65
P34800_58400	2019	10	11	09	40	1.15
P34800_58400	2019	10	11	09	50	3.60
P34800_58400	2019	10	11	10	00	1.85
P34825_58400	2019	10	11	04	00	0.00
P34825_58400	2019	10	11	04	10	0.04
P34825_58400	2019	10	11	04	20	0.00
P34825_58400	2019	10	11	04	30	0.00
P34825_58400	2019	10	11	04	40	0.00
P34825_58400	2019	10	11	04	50	0.00
P34825_58400	2019	10	11	05	00	0.00
P34825_58400	2019	10	11	05	10	0.00
P34825_58400	2019	10	11	05	20	0.00
P34825_58400	2019	10	11	05	30	0.00
P34825_58400	2019	10	11	05	40	0.01
P34825_58400	2019	10	11	05	50	0.01
P34825_58400	2019	10	11	06	00	0.33
P34825_58400	2019	10	11	06	10	0.35
P34825_58400	2019	10	11	06	20	0.21
P34825_58400	2019	10	11	06	30	0.09
P34825_58400	2019	10	11	06	40	4.03
P34825_58400	2019	10	11	06	50	8.38
P34825_58400	2019	10	11	07	00	0.16
P34825_58400	2019	10	11	07	10	0.07
P34825_58400	2019	10	11	07	20	3.62
P34825_58400	2019	10	11	07	30	0.11
P34825_58400	2019	10	11	07	40	4.48
P34825_58400	2019	10	11	07	50	1.06
P34825_58400	2019	10	11	08	00	0.31
P34825_58400	2019	10	11	08	10	2.51
P34825_58400	2019	10	11	08	20	3.06
P34825_58400	2019	10	11	08	30	2.32
P34825_58400	2019	10	11	08	40	1.19
P34825_58400	2019	10	11	08	50	0.02
P34825_58400	2019	10	11	09	00	0.01
P34825_58400	2019	10	11	09	10	0.08
P34825_58400	2019	10	11	09	20	1.19
P34825_58400	2019	10	11	09	30	0.86
P34825_58400	2019	10	11	09	40	1.92
P34825_58400	2019	10	11	09	50	3.08
P34825_58400	2019	10	11	10	00	1.36
P34775_58375	2019	10	11	04	00	0.00
P34775_58375	2019	10	11	04	10	0.00
P34775_58375	2019	10	11	04	20	0.00
P34775_58375	2019	10	11	04	30	0.00
P34775_58375	2019	10	11	04	40	0.00
P34775_58375	2019	10	11	04	50	0.00
P34775_58375	2019	10	11	05	00	0.00
P34775_58375	2019	10	11	05	10	0.00
P34775_58375	2019	10	11	05	20	0.00
P34775_58375	2019	10	11	05	30	0.00
P34775_58375	2019	10	11	05	40	0.00
P34775_58375	2019	10	11	05	50	0.11
P34775_58375	2019	10	11	06	00	0.32
P34775_58375	2019	10	11	06	10	1.59
P34775_58375	2019	10	11	06	20	0.93
P34775_58375	2019	10	11	06	30	0.10
P34775_58375	2019	10	11	06	40	0.89
P34775_58375	2019	10	11	06	50	11.55
P34775_58375	2019	10	11	07	00	2.37
P34775_58375	2019	10	11	07	10	1.19
P34775_58375	2019	10	11	07	20	2.89
P34775_58375	2019	10	11	07	30	0.44
P34775_58375	2019	10	11	07	40	1.58
P34775_58375	2019	10	11	07	50	3.22
P34775_58375	2019	10	11	08	00	0.61
P34775_58375	2019	10	11	08	10	2.56
P34775_58375	2019	10	11	08	20	0.97
P34775_58375	2019	10	11	08	30	2.65
P34775_58375	2019	10	11	08	40	0.91
P34775_58375	2019	10	11	08	50	0.04
P34775_58375	2019	10	11	09	00	0.00
P34775_58375	2019	10	11	09	10	0.02
P34775_58375	2019	10	11	09	20	1.35
P34775_58375	2019	10	11	09	30	0.27
P34775_58375	2019	10	11	09	40	0.82
P34775_58375	2019	10	11	09	50	2.15
P34775_58375	2019	10	11	10	00	1.18
P34850_58400	2019	10	11	04	00	0.00
P34850_58400	2019	10	11	04	10	0.04
P34850_58400	2019	10	11	04	20	0.02
P34850_58400	2019	10	11	04	30	0.00
P34850_58400	2019	10	11	04	40	0.00
P34850_58400	2019	10	11	04	50	0.00
P34850_58400	2019	10	11	05	00	0.00
P34850_58400	2019	10	11	05	10	0.00
P34850_58400	2019	10	11	05	20	0.00
P34850_58400	2019	10	11	05	30	0.03
P34850_58400	2019	10	11	05	40	0.42
P34850_58400	2019	10	11	05	50	0.08
P34850_58400	2019	10	11	06	00	0.40
P34850_58400	2019	10	11	06	10	0.32
P34850_58400	2019	10	11	06	20	0.06
P34850_58400	2019	10	11	06	30	0.15
P34850_58400	2019	10	11	06	40	5.76
P34850_58400	2019	10	11	06	50	9.22
P34850_58400	2019	10	11	07	00	0.15
P34850_58400	2019	10	11	07	10	0.31
P34850_58400	2019	10	11	07	20	2.75
P34850_58400	2019	10	11	07	30	0.10
P34850_58400	2019	10	11	07	40	5.66
P34850_58400	2019	10	11	07	50	0.48
P34850_58400	2019	10	11	08	00	1.04
P34850_58400	2019	10	11	08	10	2.32
P34850_58400	2019	10	11	08	20	2.54
P34850_58400	2019	10	11	08	30	0.78
P34850_58400	2019	10	11	08	40	0.82
P34850_58400	2019	10	11	08	50	0.03
P34850_58400	2019	10	11	09	00	0.07
P34850_58400	2019	10	11	09	10	0.16
P34850_58400	2019	10	11	09	20	1.34
P34850_58400	2019	10	11	09	30	0.88
P34850_58400	2019	10	11	09	40	3.12
P34850_58400	2019	10	11	09	50	1.86
P34850_58400	2019	10	11	10	00	1.05
P34775_58400	2019	10	11	04	00	0.00
P34775_58400	2019	10	11	04	10	0.00
P34775_58400	2019	10	11	04	20	0.00
P34775_58400	2019	10	11	04	30	0.00
P34775_58400	2019	10	11	04	40	0.00
P34775_58400	2019	10	11	04	50	0.00
P34775_58400	2019	10	11	05	00	0.00
P34775_58400	2019	10	11	05	10	0.00
P34775_58400	2019	10	11	05	20	0.00
P34775_58400	2019	10	11	05	30	0.00
P34775_58400	2019	10	11	05	40	0.00
P34775_58400	2019	10	11	05	50	0.22
P34775_58400	2019	10	11	06	00	0.20
P34775_58400	2019	10	11	06	10	1.88
P34775_58400	2019	10	11	06	20	0.35
P34775_58400	2019	10	11	06	30	0.23
P34775_58400	2019	10	11	06	40	1.60
P34775_58400	2019	10	11	06	50	12.25
P34775_58400	2019	10	11	07	00	0.96
P34775_58400	2019	10	11	07	10	1.03
P34775_58400	2019	10	11	07	20	3.14
P34775_58400	2019	10	11	07	30	0.15
P34775_58400	2019	10	11	07	40	3.03
P34775_58400	2019	10	11	07	50	1.79
P34775_58400	2019	10	11	08	00	0.55
P34775_58400	2019	10	11	08	10	2.75
P34775_58400	2019	10	11	08	20	1.60
P34775_58400	2019	10	11	08	30	2.73
P34775_58400	2019	10	11	08	40	0.76
P34775_58400	2019	10	11	08	50	0.01
P34775_58400	2019	10	11	09	00	0.00
P34775_58400	2019	10	11	09	10	0.16
P34775_58400	2019	10	11	09	20	1.37
P34775_58400	2019	10	11	09	30	0.52
P34775_58400	2019	10	11	09	40	0.64
P34775_58400	2019	10	11	09	50	2.31
P34775_58400	2019	10	11	10	00	1.73
P34750_58400	2019	10	11	04	00	0.00
P34750_58400	2019	10	11	04	10	0.00
P34750_58400	2019	10	11	04	20	0.00
P34750_58400	2019	10	11	04	30	0.00
P34750_58400	2019	10	11	04	40	0.00
P34750_58400	2019	10	11	04	50	0.00
P34750_58400	2019	10	11	05	00	0.00
P34750_58400	2019	10	11	05	10	0.00
P34750_58400	2019	10	11	05	20	0.00
P34750_58400	2019	10	11	05	30	0.00
P34750_58400	2019	10	11	05	40	0.01
P34750_58400	2019	10	11	05	50	0.15
P34750_58400	2019	10	11	06	00	0.28
P34750_58400	2019	10	11	06	10	2.28
P34750_58400	2019	10	11	06	20	0.37
P34750_58400	2019	10	11	06	30	0.20
P34750_58400	2019	10	11	06	40	1.12
P34750_58400	2019	10	11	06	50	12.55
P34750_58400	2019	10	11	07	00	0.90
P34750_58400	2019	10	11	07	10	1.44
P34750_58400	2019	10	11	07	20	2.64
P34750_58400	2019	10	11	07	30	0.72
P34750_58400	2019	10	11	07	40	1.60
P34750_58400	2019	10	11	07	50	1.26
P34750_58400	2019	10	11	08	00	0.79
P34750_58400	2019	10	11	08	10	1.76
P34750_58400	2019	10	11	08	20	0.81
P34750_58400	2019	10	11	08	30	1.89
P34750_58400	2019	10	11	08	40	0.78
P34750_58400	2019	10	11	08	50	0.07
P34750_58400	2019	10	11	09	00	0.01
P34750_58400	2019	10	11	09	10	0.18
P34750_58400	2019	10	11	09	20	0.88
P34750_58400	2019	10	11	09	30	0.58
P34750_58400	2019	10	11	09	40	0.44
P34750_58400	2019	10	11	09	50	0.71
P34750_58400	2019	10	11	10	00	1.22
P34725_58400	2019	10	11	04	00	0.00
P34725_58400	2019	10	11	04	10	0.00
P34725_58400	2019	10	11	04	20	0.00
P34725_58400	2019	10	11	04	30	0.00
P34725_58400	2019	10	11	04	40	0.00
P34725_58400	2019	10	11	04	50	0.00
P34725_58400	2019	10	11	05	00	0.00
P34725_58400	2019	10	11	05	10	0.00
P34725_58400	2019	10	11	05	20	0.00
P34725_58400	2019	10	11	05	30	0.00
P34725_58400	2019	10	11	05	40	0.01
P34725_58400	2019	10	11	05	50	0.02
P34725_58400	2019	10	11	06	00	0.26
P34725_58400	2019	10	11	06	10	1.64
P34725_58400	2019	10	11	06	20	0.42
P34725_58400	2019	10	11	06	30	0.13
P34725_58400	2019	10	11	06	40	0.94
P34725_58400	2019	10	11	06	50	11.01
P34725_58400	2019	10	11	07	00	0.96
P34725_58400	2019	10	11	07	10	1.15
P34725_58400	2019	10	11	07	20	2.60
P34725_58400	2019	10	11	07	30	2.08
P34725_58400	2019	10	11	07	40	0.77
P34725_58400	2019	10	11	07	50	2.26
P34725_58400	2019	10	11	08	00	0.96
P34725_58400	2019	10	11	08	10	1.21
P34725_58400	2019	10	11	08	20	0.82
P34725_58400	2019	10	11	08	30	2.52
P34725_58400	2019	10	11	08	40	1.15
P34725_58400	2019	10	11	08	50	0.43
P34725_58400	2019	10	11	09	00	0.03
P34725_58400	2019	10	11	09	10	0.10
P34725_58400	2019	10	11	09	20	0.56
P34725_58400	2019	10	11	09	30	0.59
P34725_58400	2019	10	11	09	40	0.50
P34725_58400	2019	10	11	09	50	0.49
P34725_58400	2019	10	11	10	00	0.73
P34750_58375	2019	10	11	04	00	0.00
P34750_58375	2019	10	11	04	10	0.00
P34750_58375	2019	10	11	04	20	0.00
P34750_58375	2019	10	11	04	30	0.00
P34750_58375	2019	10	11	04	40	0.00
P34750_58375	2019	10	11	04	50	0.00
P34750_58375	2019	10	11	05	00	0.00
P34750_58375	2019	10	11	05	10	0.00
P34750_58375	2019	10	11	05	20	0.00
P34750_58375	2019	10	11	05	30	0.00
P34750_58375	2019	10	11	05	40	0.00
P34750_58375	2019	10	11	05	50	0.06
P34750_58375	2019	10	11	06	00	0.39
P34750_58375	2019	10	11	06	10	1.38
P34750_58375	2019	10	11	06	20	0.85
P34750_58375	2019	10	11	06	30	0.14
P34750_58375	2019	10	11	06	40	0.97
P34750_58375	2019	10	11	06	50	10.71
P34750_58375	2019	10	11	07	00	2.50
P34750_58375	2019	10	11	07	10	1.47
P34750_58375	2019	10	11	07	20	2.09
P34750_58375	2019	10	11	07	30	1.57
P34750_58375	2019	10	11	07	40	0.81
P34750_58375	2019	10	11	07	50	2.15
P34750_58375	2019	10	11	08	00	0.90
P34750_58375	2019	10	11	08	10	1.59
P34750_58375	2019	10	11	08	20	0.62
P34750_58375	2019	10	11	08	30	2.27
P34750_58375	2019	10	11	08	40	0.85
P34750_58375	2019	10	11	08	50	0.21
P34750_58375	2019	10	11	09	00	0.02
P34750_58375	2019	10	11	09	10	0.03
P34750_58375	2019	10	11	09	20	0.87
P34750_58375	2019	10	11	09	30	0.31
P34750_58375	2019	10	11	09	40	0.73
P34750_58375	2019	10	11	09	50	0.74
P34750_58375	2019	10	11	10	00	0.75
P34725_58375	2019	10	11	04	00	0.00
P34725_58375	2019	10	11	04	10	0.00
P34725_58375	2019	10	11	04	20	0.00
P34725_58375	2019	10	11	04	30	0.00
P34725_58375	2019	10	11	04	40	0.00
P34725_58375	2019	10	11	04	50	0.00
P34725_58375	2019	10	11	05	00	0.00
P34725_58375	2019	10	11	05	10	0.00
P34725_58375	2019	10	11	05	20	0.00
P34725_58375	2019	10	11	05	30	0.00
P34725_58375	2019	10	11	05	40	0.00
P34725_58375	2019	10	11	05	50	0.00
P34725_58375	2019	10	11	06	00	0.32
P34725_58375	2019	10	11	06	10	0.95
P34725_58375	2019	10	11	06	20	1.00
P34725_58375	2019	10	11	06	30	0.11
P34725_58375	2019	10	11	06	40	1.11
P34725_58375	2019	10	11	06	50	9.10
P34725_58375	2019	10	11	07	00	3.21
P34725_58375	2019	10	11	07	10	0.98
P34725_58375	2019	10	11	07	20	1.51
P34725_58375	2019	10	11	07	30	3.59
P34725_58375	2019	10	11	07	40	0.42
P34725_58375	2019	10	11	07	50	2.79
P34725_58375	2019	10	11	08	00	0.98
P34725_58375	2019	10	11	08	10	1.34
P34725_58375	2019	10	11	08	20	1.17
P34725_58375	2019	10	11	08	30	2.81
P34725_58375	2019	10	11	08	40	1.14
P34725_58375	2019	10	11	08	50	0.72
P34725_58375	2019	10	11	09	00	0.05
P34725_58375	2019	10	11	09	10	0.02
P34725_58375	2019	10	11	09	20	0.57
P34725_58375	2019	10	11	09	30	0.32
P34725_58375	2019	10	11	09	40	0.83
P34725_58375	2019	10	11	09	50	0.54
P34725_58375	2019	10	11	10	00	0.46
P34700_58400	2019	10	11	04	00	0.00
P34700_58400	2019	10	11	04	10	0.00
P34700_58400	2019	10	11	04	20	0.00
P34700_58400	2019	10	11	04	30	0.00
P34700_58400	2019	10	11	04	40	0.00
P34700_58400	2019	10	11	04	50	0.00
P34700_58400	2019	10	11	05	00	0.00
P34700_58400	2019	10	11	05	10	0.00
P34700_58400	2019	10	11	05	20	0.00
P34700_58400	2019	10	11	05	30	0.00
P34700_58400	2019	10	11	05	40	0.00
P34700_58400	2019	10	11	05	50	0.00
P34700_58400	2019	10	11	06	00	0.11
P34700_58400	2019	10	11	06	10	1.49
P34700_58400	2019	10	11	06	20	0.59
P34700_58400	2019	10	11	06	30	0.12
P34700_58400	2019	10	11	06	40	1.22
P34700_58400	2019	10	11	06	50	8.48
P34700_58400	2019	10	11	07	00	1.88
P34700_58400	2019	10	11	07	10	0.43
P34700_58400	2019	10	11	07	20	2.56
P34700_58400	2019	10	11	07	30	2.45
P34700_58400	2019	10	11	07	40	0.24
P34700_58400	2019	10	11	07	50	3.07
P34700_58400	2019	10	11	08	00	1.11
P34700_58400	2019	10	11	08	10	0.98
P34700_58400	2019	10	11	08	20	1.17
P34700_58400	2019	10	11	08	30	2.72
P34700_58400	2019	10	11	08	40	1.59
P34700_58400	2019	10	11	08	50	0.62
P34700_58400	2019	10	11	09	00	0.04
P34700_58400	2019	10	11	09	10	0.02
P34700_58400	2019	10	11	09	20	0.34
P34700_58400	2019	10	11	09	30	0.34
P34700_58400	2019	10	11	09	40	0.68
P34700_58400	2019	10	11	09	50	0.59
P34700_58400	2019	10	11	10	00	0.45